0	[-18.016883850097656]
1	[-19.549701690673828]
2	[-20.85639190673828]
3	[-20.81922721862793]
4	[-23.23965072631836]
5	[-14.078189849853516]
6	[-13.39213752746582]
7	[-13.566004753112793]
8	[-15.133127212524414]
9	[-24.39211082458496]
10	[-18.127878189086914]
11	[-18.83164405822754]
12	[-19.96009063720703]
13	[-16.906551361083984]
14	[-22.646268844604492]
15	[-22.738929748535156]
16	[-33.632999420166016]
17	[-36.880088806152344]
18	[-13.954191207885742]
19	[-16.834047317504883]
20	[-11.211621284484863]
21	[-15.544818878173828]
22	[-15.220001220703125]
23	[-13.203130722045898]
24	[-12.444009780883789]
25	[-17.713024139404297]
26	[-18.10114860534668]
27	[-18.175025939941406]
28	[-17.852340698242188]
29	[-20.44457244873047]
30	[-30.365476608276367]
31	[-17.6439208984375]
32	[-17.912273406982422]
33	[-11.487714767456055]
34	[-14.0712308883667]
35	[-23.120695114135742]
36	[-29.06136703491211]
37	[-28.59324836730957]
38	[-16.323314666748047]
39	[-14.097392082214355]
40	[-7.413449764251709]
41	[-15.839109420776367]
42	[-16.63990020751953]
43	[-16.843589782714844]
44	[-11.064538955688477]
45	[-15.735041618347168]
46	[-15.690821647644043]
47	[-12.384273529052734]
48	[-18.967382431030273]
49	[-10.463088989257812]
50	[-17.326404571533203]
51	[-24.488426208496094]
52	[-23.204824447631836]
53	[-16.453128814697266]
54	[-35.52722930908203]
55	[-36.35694122314453]
56	[-27.301063537597656]
57	[-39.19767761230469]
58	[-29.812450408935547]
59	[-31.220874786376953]
60	[-26.019922256469727]
61	[-27.719392776489258]
62	[-13.635127067565918]
63	[-23.776208877563477]
64	[-18.40471649169922]
65	[-41.78732681274414]
66	[-42.23051071166992]
67	[-19.02361488342285]
68	[-18.723094940185547]
69	[-24.258758544921875]
70	[-24.005531311035156]
71	[-25.5697021484375]
72	[-24.34034538269043]
73	[-16.804725646972656]
74	[-30.584606170654297]
75	[-34.48686981201172]
76	[-27.316524505615234]
77	[-15.589757919311523]
78	[-37.62490463256836]
79	[-16.008970260620117]
80	[-17.589021682739258]
81	[-32.710655212402344]
82	[-18.425886154174805]
83	[-28.55913543701172]
84	[-19.697498321533203]
85	[-16.042573928833008]
86	[-35.58594512939453]
87	[-20.525657653808594]
88	[-41.22777557373047]
89	[-38.32930374145508]
90	[-12.011387825012207]
91	[-24.271284103393555]
92	[-22.586647033691406]
93	[-31.20374298095703]
94	[-18.96233367919922]
95	[-21.002262115478516]
96	[-21.920286178588867]
97	[-28.215314865112305]
98	[-23.900238037109375]
99	[-26.660072326660156]
100	[-15.481714248657227]
101	[-14.544011116027832]
102	[-21.31834602355957]
103	[-22.402738571166992]
104	[-20.30190658569336]
105	[-34.975826263427734]
106	[-41.20662307739258]
107	[-15.504423141479492]
108	[-17.37425994873047]
109	[-28.033424377441406]
110	[-19.92550277709961]
111	[-21.177677154541016]
112	[-24.884225845336914]
113	[-29.203250885009766]
114	[-21.093727111816406]
115	[-16.030799865722656]
116	[-40.30430221557617]
117	[-35.0047721862793]
118	[-22.882905960083008]
119	[-17.401744842529297]
120	[-34.631649017333984]
121	[-19.90411949157715]
122	[-22.80696678161621]
123	[-17.31226348876953]
124	[-30.61305046081543]
125	[-34.986263275146484]
126	[-15.430304527282715]
127	[-16.832551956176758]
128	[-27.239887237548828]
129	[-17.826702117919922]
130	[-27.321056365966797]
131	[-29.400985717773438]
132	[-31.542861938476562]
133	[-17.398773193359375]
134	[-17.831317901611328]
135	[-27.055356979370117]
136	[-30.844131469726562]
137	[-22.958024978637695]
138	[-21.998376846313477]
139	[-18.12809944152832]
140	[-17.091327667236328]
141	[-31.15695571899414]
142	[-20.185108184814453]
143	[-10.479668617248535]
144	[-7.164762020111084]
145	[-9.223073959350586]
146	[-7.048509120941162]
147	[-30.81024169921875]
148	[-13.923036575317383]
149	[-13.287636756896973]
150	[-32.485076904296875]
151	[-38.03437805175781]
152	[-50.3166618347168]
153	[-33.18741226196289]
154	[-18.441070556640625]
155	[-14.518994331359863]
156	[-27.442638397216797]
157	[-11.498149871826172]
158	[-13.648551940917969]
159	[-19.26508331298828]
160	[-32.93409729003906]
161	[-31.556472778320312]
162	[-46.39897918701172]
163	[-39.533206939697266]
164	[-16.609027862548828]
165	[-25.13111686706543]
166	[-27.73663330078125]
167	[-36.26243591308594]
168	[-34.20482635498047]
169	[-39.82280349731445]
170	[-32.22500228881836]
171	[-50.77729415893555]
172	[-25.64120101928711]
173	[-27.839027404785156]
174	[-32.04220199584961]
175	[-25.987041473388672]
176	[-43.82087707519531]
177	[-20.498458862304688]
178	[-25.378170013427734]
179	[-35.10436248779297]
180	[-27.699270248413086]
181	[-35.61774444580078]
182	[-24.464332580566406]
183	[-35.99845886230469]
184	[-37.655235290527344]
185	[-21.620649337768555]
186	[-43.40108108520508]
187	[-26.700477600097656]
188	[-24.723957061767578]
189	[-14.901152610778809]
190	[-26.517715454101562]
191	[-44.893184661865234]
192	[-27.33656120300293]
193	[-34.84204864501953]
194	[-25.587154388427734]
195	[-27.757516860961914]
196	[-21.466445922851562]
197	[-13.91569709777832]
198	[-42.609962463378906]
199	[-16.785844802856445]
200	[-42.725257873535156]
201	[-57.65522766113281]
202	[-13.661699295043945]
203	[-14.774887084960938]
204	[-34.33638000488281]
205	[-18.488571166992188]
206	[-12.049858093261719]
207	[-16.94991111755371]
208	[-28.618221282958984]
209	[-18.41718101501465]
210	[-23.252349853515625]
211	[-19.20105743408203]
212	[-38.8778190612793]
213	[-39.8807258605957]
214	[-30.806941986083984]
215	[-48.683189392089844]
216	[-11.112682342529297]
217	[-46.41116714477539]
218	[-18.28872299194336]
219	[-13.49278736114502]
220	[-13.584157943725586]
221	[-20.93972396850586]
222	[-35.16503143310547]
223	[-23.890178680419922]
224	[-46.993019104003906]
225	[-23.269451141357422]
226	[-36.657554626464844]
227	[-46.005558013916016]
228	[-27.523571014404297]
229	[-28.66190528869629]
230	[-28.584991455078125]
231	[-30.252904891967773]
232	[-30.40494728088379]
233	[-20.70263671875]
234	[-26.179550170898438]
235	[-16.273853302001953]
236	[-17.347347259521484]
237	[-29.39965057373047]
238	[-18.025497436523438]
239	[-21.543785095214844]
240	[-34.51398468017578]
241	[-22.314626693725586]
242	[-17.83637237548828]
243	[-12.189457893371582]
244	[-27.79043197631836]
245	[-44.660377502441406]
246	[-30.359663009643555]
247	[-35.995994567871094]
248	[-23.734603881835938]
249	[-22.765640258789062]
250	[-30.05583953857422]
251	[-27.638628005981445]
252	[-38.139793395996094]
253	[-23.917112350463867]
254	[-23.97308921813965]
255	[-29.15006446838379]
256	[-38.208351135253906]
257	[-27.819236755371094]
258	[-25.629072189331055]
259	[-15.880253791809082]
260	[-27.086044311523438]
261	[-48.5155143737793]
262	[-39.7660026550293]
263	[-20.93757438659668]
264	[-18.885162353515625]
265	[-7.5297346115112305]
266	[-14.058232307434082]
267	[-30.721622467041016]
268	[-22.830493927001953]
269	[-20.15940284729004]
270	[-12.52610969543457]
271	[-19.797996520996094]
272	[-23.758920669555664]
273	[-11.736303329467773]
274	[-20.499027252197266]
275	[-26.95753288269043]
276	[-21.61344337463379]
277	[-19.153541564941406]
278	[-29.19578742980957]
279	[-24.327892303466797]
280	[-23.85143280029297]
281	[-18.853979110717773]
282	[-15.315496444702148]
283	[-36.821815490722656]
284	[-23.28291893005371]
285	[-20.371665954589844]
286	[-20.817638397216797]
287	[-28.810367584228516]
288	[-19.70620346069336]
289	[-15.24581241607666]
290	[-29.308998107910156]
291	[-22.486879348754883]
292	[-38.096614837646484]
293	[-20.97272300720215]
294	[-24.63715171813965]
295	[-17.61691665649414]
296	[-19.307889938354492]
297	[-23.88127899169922]
298	[-16.610239028930664]
299	[-21.94034767150879]
300	[-14.19747543334961]
301	[-38.55143356323242]
302	[-16.779146194458008]
303	[-27.173168182373047]
304	[-16.61900520324707]
305	[-21.25698471069336]
306	[-15.695509910583496]
307	[-11.864673614501953]
308	[-22.46186637878418]
309	[-11.408696174621582]
310	[-18.951078414916992]
311	[-26.79050064086914]
312	[-47.47483444213867]
313	[-15.751662254333496]
314	[-30.504043579101562]
315	[-14.549042701721191]
316	[-16.98688316345215]
317	[-22.508007049560547]
318	[-37.14335632324219]
319	[-16.903959274291992]
320	[-21.206310272216797]
321	[-16.489614486694336]
322	[-10.93791675567627]
323	[-32.50297546386719]
324	[-16.749998092651367]
325	[-15.910306930541992]
326	[-11.699506759643555]
327	[-34.23998260498047]
328	[-12.562114715576172]
329	[-33.0673828125]
330	[-20.291349411010742]
331	[-32.13412094116211]
332	[-25.100570678710938]
333	[-13.448824882507324]
334	[-17.936779022216797]
335	[-29.69846534729004]
336	[-21.321693420410156]
337	[-19.827571868896484]
338	[-9.75244426727295]
339	[-22.12641143798828]
340	[-10.90770149230957]
341	[-17.70111083984375]
342	[-12.54651927947998]
343	[-14.624019622802734]
344	[-21.478824615478516]
345	[-23.953346252441406]
346	[-18.876445770263672]
347	[-15.678617477416992]
348	[-23.070161819458008]
349	[-16.928226470947266]
350	[-18.579484939575195]
351	[-18.275619506835938]
352	[-22.37158203125]
353	[-34.06305694580078]
354	[-23.234519958496094]
355	[-21.99604034423828]
356	[-23.500324249267578]
357	[-20.917110443115234]
358	[-25.04115867614746]
359	[-30.3115291595459]
360	[-24.540748596191406]
361	[-25.288339614868164]
362	[-21.66627311706543]
363	[-34.46489334106445]
364	[-37.70517349243164]
365	[-17.549419403076172]
366	[-65.30783081054688]
367	[-30.638511657714844]
368	[-41.65015411376953]
369	[-17.646257400512695]
370	[-22.329986572265625]
371	[-58.47014617919922]
372	[-29.658517837524414]
373	[-61.76801681518555]
374	[-39.47966766357422]
375	[-22.529132843017578]
376	[-18.23691177368164]
377	[-29.581844329833984]
378	[-23.605148315429688]
379	[-21.098405838012695]
380	[-26.797359466552734]
381	[-20.95962905883789]
382	[-21.99831771850586]
383	[-14.547698974609375]
384	[-29.203645706176758]
385	[-17.44329261779785]
386	[-18.449264526367188]
387	[-13.193314552307129]
388	[-15.181467056274414]
389	[-34.934104919433594]
390	[-37.606971740722656]
391	[-33.78913116455078]
392	[-44.503902435302734]
393	[-20.57221031188965]
394	[-20.475215911865234]
395	[-20.25833511352539]
396	[-21.851987838745117]
397	[-52.947509765625]
398	[-20.157136917114258]
399	[-30.264678955078125]
400	[-20.568510055541992]
401	[-21.81243133544922]
402	[-28.74787712097168]
403	[-21.342647552490234]
404	[-40.261314392089844]
405	[-16.56581687927246]
406	[-13.204425811767578]
407	[-10.942333221435547]
408	[-31.024551391601562]
409	[-25.94076156616211]
410	[-27.169803619384766]
411	[-21.46847152709961]
412	[-26.888019561767578]
413	[-25.104148864746094]
414	[-21.102630615234375]
415	[-28.18896484375]
416	[-21.797056198120117]
417	[-18.247772216796875]
418	[-50.83551788330078]
419	[-24.44120216369629]
420	[-15.554548263549805]
421	[-18.000307083129883]
422	[-13.999313354492188]
423	[-23.6767635345459]
424	[-40.07588195800781]
425	[-26.99541664123535]
426	[-22.87466049194336]
427	[-59.147674560546875]
428	[-34.32378387451172]
429	[-26.05927848815918]
430	[-14.664567947387695]
431	[-18.89934730529785]
432	[-58.19239044189453]
433	[-26.285402297973633]
434	[-25.384159088134766]
435	[-38.212310791015625]
436	[-25.487607955932617]
437	[-31.530296325683594]
438	[-31.90155792236328]
439	[-14.102104187011719]
440	[-36.989501953125]
441	[-21.49428367614746]
442	[-35.451271057128906]
443	[-31.699405670166016]
444	[-23.379610061645508]
445	[-21.550458908081055]
446	[-19.89366912841797]
447	[-15.269558906555176]
448	[-41.11677932739258]
449	[-25.89423942565918]
450	[-22.405601501464844]
451	[-28.255491256713867]
452	[-30.304597854614258]
453	[-68.99431610107422]
454	[-47.83348846435547]
455	[-35.28905487060547]
456	[-15.580061912536621]
457	[-20.083436965942383]
458	[-20.46094512939453]
459	[-31.19622802734375]
460	[-36.95826721191406]
461	[-29.29564094543457]
462	[-13.299850463867188]
463	[-22.784513473510742]
464	[-13.994723320007324]
465	[-26.48545265197754]
466	[-14.73625659942627]
467	[-19.618000030517578]
468	[-16.02954864501953]
469	[-20.151262283325195]
470	[-12.689053535461426]
471	[-20.866016387939453]
472	[-17.29490852355957]
473	[-35.51506423950195]
474	[-36.64529037475586]
475	[-24.158645629882812]
476	[-27.21304702758789]
477	[-28.519113540649414]
478	[-27.225004196166992]
479	[-45.30803680419922]
480	[-25.418071746826172]
481	[-34.43000793457031]
482	[-35.46246337890625]
483	[-29.77159881591797]
484	[-24.56039810180664]
485	[-21.30303955078125]
486	[-37.40830612182617]
487	[-41.582000732421875]
488	[-46.45893096923828]
489	[-26.305879592895508]
490	[-22.407211303710938]
491	[-22.425445556640625]
492	[-19.995771408081055]
493	[-18.7254581451416]
494	[-11.233953475952148]
495	[-26.92868423461914]
496	[-33.122867584228516]
497	[-17.1940975189209]
498	[-24.535783767700195]
499	[-18.573589324951172]
500	[-32.661048889160156]
501	[-34.25688552856445]
502	[-23.787281036376953]
503	[-19.456745147705078]
504	[-35.80681610107422]
505	[-18.063119888305664]
506	[-16.068078994750977]
507	[-17.308704376220703]
508	[-19.017333984375]
509	[-47.087032318115234]
510	[-29.27044677734375]
511	[-18.919029235839844]
512	[-25.57982635498047]
513	[-20.081178665161133]
514	[-18.526275634765625]
515	[-15.952210426330566]
516	[-22.469221115112305]
517	[-50.9105110168457]
518	[-13.467193603515625]
519	[-24.95173454284668]
520	[-36.94523620605469]
521	[-21.006080627441406]
522	[-14.522172927856445]
523	[-30.05414390563965]
524	[-35.465572357177734]
525	[-19.461109161376953]
526	[-24.04140853881836]
527	[-24.14372444152832]
528	[-34.95602798461914]
529	[-27.29278564453125]
530	[-20.72240447998047]
531	[-15.738165855407715]
532	[-16.93421173095703]
533	[-23.9006404876709]
534	[-26.09836196899414]
535	[-32.64436340332031]
536	[-18.54257583618164]
537	[-23.361621856689453]
538	[-19.161869049072266]
539	[-30.33519744873047]
540	[-31.39467430114746]
541	[-47.720794677734375]
542	[-40.4915657043457]
543	[-37.257869720458984]
544	[-21.7520694732666]
545	[-33.715126037597656]
546	[-28.157161712646484]
547	[-24.7695255279541]
548	[-13.025197982788086]
549	[-31.506309509277344]
550	[-31.856800079345703]
551	[-30.326141357421875]
552	[-22.90140151977539]
553	[-26.301593780517578]
554	[-20.499755859375]
555	[-14.224404335021973]
556	[-23.776227951049805]
557	[-37.472679138183594]
558	[-32.853668212890625]
559	[-19.54422378540039]
560	[-23.79669952392578]
561	[-16.843441009521484]
562	[-20.914920806884766]
563	[-21.709959030151367]
564	[-35.4260368347168]
565	[-26.57387924194336]
566	[-23.907255172729492]
567	[-41.61345672607422]
568	[-20.631433486938477]
569	[-38.443328857421875]
570	[-49.62738037109375]
571	[-19.00570297241211]
572	[-49.75625991821289]
573	[-20.905860900878906]
574	[-20.49372100830078]
575	[-13.245394706726074]
576	[-15.534746170043945]
577	[-27.727052688598633]
578	[-16.428255081176758]
579	[-24.556795120239258]
580	[-46.75486373901367]
581	[-32.94142150878906]
582	[-27.656999588012695]
583	[-47.65237808227539]
584	[-53.55811309814453]
585	[-19.283510208129883]
586	[-45.09854507446289]
587	[-31.954463958740234]
588	[-29.125595092773438]
589	[-17.727924346923828]
590	[-35.68309020996094]
591	[-57.10551452636719]
592	[-25.690189361572266]
593	[-29.6484317779541]
594	[-38.25470733642578]
595	[-24.681564331054688]
596	[-34.98637771606445]
597	[-21.044187545776367]
598	[-27.19188690185547]
599	[-29.84615707397461]
600	[-19.208446502685547]
601	[-15.301580429077148]
602	[-38.0094108581543]
603	[-32.628353118896484]
604	[-24.046646118164062]
605	[-21.823020935058594]
606	[-25.481266021728516]
607	[-32.601539611816406]
608	[-26.8570499420166]
609	[-19.575450897216797]
610	[-31.97830581665039]
611	[-32.2398796081543]
612	[-26.005184173583984]
613	[-29.108963012695312]
614	[-28.868419647216797]
615	[-28.800189971923828]
616	[-24.651052474975586]
617	[-19.68704605102539]
618	[-28.986827850341797]
619	[-22.992183685302734]
620	[-25.80081558227539]
621	[-26.098011016845703]
622	[-28.736278533935547]
623	[-26.74504852294922]
624	[-32.50181198120117]
625	[-23.352209091186523]
626	[-20.85311508178711]
627	[-26.169130325317383]
628	[-31.98723030090332]
629	[-31.808452606201172]
630	[-25.557777404785156]
631	[-34.607215881347656]
632	[-28.25337028503418]
633	[-17.102243423461914]
634	[-20.80571746826172]
635	[-12.099145889282227]
636	[-27.42525863647461]
637	[-25.23208236694336]
638	[-26.164072036743164]
639	[-23.223617553710938]
640	[-22.0653018951416]
641	[-38.94982147216797]
642	[-30.062835693359375]
643	[-25.80082893371582]
644	[-20.06058120727539]
645	[-42.56774139404297]
646	[-24.043325424194336]
647	[-17.848459243774414]
648	[-33.82960510253906]
649	[-22.822647094726562]
650	[-22.056350708007812]
651	[-22.061359405517578]
652	[-15.889639854431152]
653	[-52.13105010986328]
654	[-18.774198532104492]
655	[-39.66859817504883]
656	[-30.438060760498047]
657	[-34.0029182434082]
658	[-28.83270263671875]
659	[-53.626712799072266]
660	[-22.169376373291016]
661	[-26.156448364257812]
662	[-71.83753204345703]
663	[-44.586761474609375]
664	[-38.029029846191406]
665	[-52.80078887939453]
666	[-31.635068893432617]
667	[-35.04926681518555]
668	[-40.52934265136719]
669	[-33.48443603515625]
670	[-52.72870635986328]
671	[-39.321598052978516]
672	[-39.341453552246094]
673	[-38.764278411865234]
674	[-38.14546203613281]
675	[-64.1775131225586]
676	[-34.132843017578125]
677	[-22.481992721557617]
678	[-29.24439239501953]
679	[-45.776180267333984]
680	[-38.783329010009766]
681	[-26.035579681396484]
682	[-25.62538719177246]
683	[-25.27137565612793]
684	[-38.43919372558594]
685	[-27.869251251220703]
686	[-32.83658218383789]
687	[-28.146865844726562]
688	[-48.77067184448242]
689	[-38.26963806152344]
690	[-23.61131477355957]
691	[-28.53399085998535]
692	[-42.600425720214844]
693	[-19.514110565185547]
694	[-18.955829620361328]
695	[-22.709165573120117]
696	[-24.699382781982422]
697	[-22.180831909179688]
698	[-38.015743255615234]
699	[-24.65201187133789]
700	[-22.751638412475586]
701	[-31.68699836730957]
702	[-40.63206100463867]
703	[-30.911231994628906]
704	[-17.43452262878418]
705	[-10.753396987915039]
706	[-11.963699340820312]
707	[-14.430362701416016]
708	[-26.733749389648438]
709	[-29.687515258789062]
710	[-18.667619705200195]
711	[-29.72213363647461]
712	[-21.593021392822266]
713	[-29.595657348632812]
714	[-27.211017608642578]
715	[-23.189786911010742]
716	[-27.325761795043945]
717	[-34.47291564941406]
718	[-19.706430435180664]
719	[-19.956684112548828]
720	[-13.138357162475586]
721	[-18.037691116333008]
722	[-12.767574310302734]
723	[-17.847396850585938]
724	[-22.68761444091797]
725	[-19.16946029663086]
726	[-23.738975524902344]
727	[-22.266786575317383]
728	[-21.05777359008789]
729	[-21.63651466369629]
730	[-12.842031478881836]
731	[-21.12297821044922]
732	[-23.049121856689453]
733	[-31.775127410888672]
734	[-23.918270111083984]
735	[-28.138141632080078]
736	[-16.658750534057617]
737	[-19.76125144958496]
738	[-48.78668212890625]
739	[-67.17605590820312]
740	[-27.252296447753906]
741	[-21.99039077758789]
742	[-28.929487228393555]
743	[-23.905750274658203]
744	[-20.385101318359375]
745	[-36.761104583740234]
746	[-29.615398406982422]
747	[-21.553844451904297]
748	[-23.119115829467773]
749	[-29.37228012084961]
750	[-10.33464241027832]
751	[-20.95230484008789]
752	[-23.111881256103516]
753	[-29.824466705322266]
754	[-39.36727523803711]
755	[-10.987197875976562]
756	[-38.51520538330078]
757	[-55.902584075927734]
758	[-38.101436614990234]
759	[-44.15531539916992]
760	[-37.201637268066406]
761	[-19.833786010742188]
762	[-55.50365447998047]
763	[-51.0159912109375]
764	[-42.02253341674805]
765	[-43.619747161865234]
766	[-41.011173248291016]
767	[-19.731157302856445]
768	[-41.82008361816406]
769	[-21.778215408325195]
770	[-49.46027374267578]
771	[-33.16523361206055]
772	[-12.808045387268066]
773	[-18.232559204101562]
774	[-40.637603759765625]
775	[-81.36883544921875]
776	[-33.88302230834961]
777	[-55.44557571411133]
778	[-23.796899795532227]
779	[-43.96503448486328]
780	[-36.00369644165039]
781	[-42.549678802490234]
782	[-35.50605773925781]
783	[-45.889163970947266]
784	[-24.735923767089844]
785	[-48.52241134643555]
786	[-24.973613739013672]
787	[-42.30057907104492]
788	[-24.82973289489746]
789	[-33.85422897338867]
790	[-39.79534912109375]
791	[-29.355205535888672]
792	[-60.596370697021484]
793	[-24.210405349731445]
794	[-36.28255081176758]
795	[-23.7860107421875]
796	[-26.206809997558594]
797	[-19.88478660583496]
798	[-19.252166748046875]
799	[-21.046634674072266]
800	[-18.063522338867188]
801	[-10.55543327331543]
802	[-11.321234703063965]
803	[-18.37908172607422]
804	[-13.88105297088623]
805	[-14.821768760681152]
806	[-14.92684555053711]
807	[-17.775339126586914]
808	[-14.329500198364258]
809	[-13.07490062713623]
810	[-16.392208099365234]
811	[-17.530881881713867]
812	[-20.262004852294922]
813	[-36.267799377441406]
814	[-31.49428367614746]
815	[-21.494070053100586]
816	[-26.29038429260254]
817	[-19.83434295654297]
818	[-36.9228515625]
819	[-22.353090286254883]
820	[-27.630470275878906]
821	[-32.236087799072266]
822	[-18.847759246826172]
823	[-33.402099609375]
824	[-21.304210662841797]
825	[-24.724163055419922]
826	[-37.347618103027344]
827	[-16.28266143798828]
828	[-21.567296981811523]
829	[-18.323711395263672]
830	[-15.703169822692871]
831	[-15.867423057556152]
832	[-14.3501615524292]
833	[-39.258445739746094]
834	[-14.224918365478516]
835	[-24.53887367248535]
836	[-23.828121185302734]
837	[-72.3656005859375]
838	[-34.50736618041992]
839	[-27.06930923461914]
840	[-17.905664443969727]
841	[-17.836181640625]
842	[-19.448720932006836]
843	[-22.379138946533203]
844	[-58.77264404296875]
845	[-25.55531120300293]
846	[-36.893192291259766]
847	[-17.0709228515625]
848	[-21.21912384033203]
849	[-32.34337615966797]
850	[-15.748821258544922]
851	[-19.705480575561523]
852	[-18.08058738708496]
853	[-27.586380004882812]
854	[-22.106163024902344]
855	[-53.10849380493164]
856	[-20.96956443786621]
857	[-19.3748779296875]
858	[-24.903064727783203]
859	[-16.73288917541504]
860	[-18.849285125732422]
861	[-32.864280700683594]
862	[-16.299043655395508]
863	[-19.034191131591797]
864	[-42.51693344116211]
865	[-21.166942596435547]
866	[-20.93531036376953]
867	[-34.676700592041016]
868	[-17.653718948364258]
869	[-30.841365814208984]
870	[-18.477176666259766]
871	[-15.28996753692627]
872	[-43.54357147216797]
873	[-21.89949607849121]
874	[-14.308594703674316]
875	[-39.78952407836914]
876	[-14.079463958740234]
877	[-24.471466064453125]
878	[-23.35430908203125]
879	[-37.59611892700195]
880	[-18.64299774169922]
881	[-11.772433280944824]
882	[-11.169635772705078]
883	[-21.75051498413086]
884	[-9.436126708984375]
885	[-14.64145565032959]
886	[-34.76148986816406]
887	[-28.439815521240234]
888	[-21.468164443969727]
889	[-41.349449157714844]
890	[-20.582508087158203]
891	[-13.278605461120605]
892	[-29.23822784423828]
893	[-15.318608283996582]
894	[-19.439476013183594]
895	[-29.74665641784668]
896	[-23.21163558959961]
897	[-26.443300247192383]
898	[-44.839874267578125]
899	[-36.12453079223633]
900	[-39.91441345214844]
901	[-17.141103744506836]
902	[-23.408828735351562]
903	[-26.80361557006836]
904	[-40.3912467956543]
905	[-16.560626983642578]
906	[-33.882015228271484]
907	[-37.58061981201172]
908	[-46.238189697265625]
909	[-31.428449630737305]
910	[-43.75646209716797]
911	[-22.812301635742188]
912	[-36.37648010253906]
913	[-23.307743072509766]
914	[-48.25080871582031]
915	[-29.375]
916	[-46.67216491699219]
917	[-39.868324279785156]
918	[-30.144445419311523]
919	[-57.81757354736328]
920	[-38.870365142822266]
921	[-28.586088180541992]
922	[-44.59733200073242]
923	[-16.596988677978516]
924	[-15.998356819152832]
925	[-15.2064790725708]
926	[-29.968189239501953]
927	[-25.705520629882812]
928	[-41.31797409057617]
929	[-19.514141082763672]
930	[-20.24386978149414]
931	[-22.956621170043945]
932	[-24.91522979736328]
933	[-28.303998947143555]
934	[-27.28677749633789]
935	[-48.56961441040039]
936	[-25.321775436401367]
937	[-17.829448699951172]
938	[-27.532352447509766]
939	[-22.93888282775879]
940	[-31.148574829101562]
941	[-24.284391403198242]
942	[-37.63045120239258]
943	[-25.119991302490234]
944	[-17.985427856445312]
945	[-36.05767059326172]
946	[-20.817157745361328]
947	[-10.678833961486816]
948	[-24.629436492919922]
949	[-22.1969051361084]
950	[-27.47793960571289]
951	[-29.52141571044922]
952	[-21.45076560974121]
953	[-28.032848358154297]
954	[-34.85164260864258]
955	[-48.08055114746094]
956	[-18.018964767456055]
957	[-13.229068756103516]
958	[-27.01590347290039]
959	[-22.541160583496094]
960	[-48.97814178466797]
961	[-28.95685577392578]
962	[-34.244319915771484]
963	[-30.572547912597656]
964	[-29.712505340576172]
965	[-18.86490249633789]
966	[-26.604806900024414]
967	[-32.063011169433594]
968	[-31.26310920715332]
969	[-21.07391357421875]
970	[-36.098445892333984]
971	[-10.204384803771973]
972	[-25.947738647460938]
973	[-17.431880950927734]
974	[-33.400604248046875]
975	[-36.435874938964844]
976	[-34.817726135253906]
977	[-39.46455383300781]
978	[-26.399616241455078]
979	[-30.022380828857422]
980	[-16.9773006439209]
981	[-39.41482925415039]
982	[-32.930908203125]
983	[-45.095603942871094]
984	[-11.249673843383789]
985	[-11.419805526733398]
986	[-24.742313385009766]
987	[-24.189428329467773]
988	[-31.34904670715332]
989	[-8.482283592224121]
990	[-34.73987579345703]
991	[-12.194253921508789]
992	[-20.99142074584961]
993	[-15.999882698059082]
994	[-36.11520004272461]
995	[-36.690452575683594]
996	[-15.531932830810547]
997	[-16.955896377563477]
998	[-19.44938087463379]
999	[-13.547903060913086]
1000	[-32.98591995239258]
1001	[-27.73649024963379]
1002	[-14.360990524291992]
1003	[-32.82836151123047]
1004	[-21.538806915283203]
1005	[-21.9400691986084]
1006	[-30.324119567871094]
1007	[-18.260480880737305]
1008	[-21.0910701751709]
1009	[-16.193086624145508]
1010	[-16.127574920654297]
1011	[-33.091041564941406]
1012	[-49.391693115234375]
1013	[-29.13996696472168]
1014	[-22.946041107177734]
1015	[-31.943870544433594]
1016	[-13.59938907623291]
1017	[-31.158851623535156]
1018	[-42.77132034301758]
1019	[-31.661266326904297]
1020	[-18.026947021484375]
1021	[-12.722648620605469]
1022	[-34.66339111328125]
1023	[-30.838939666748047]
1024	[-29.502212524414062]
1025	[-19.31574058532715]
1026	[-19.535053253173828]
1027	[-22.84733009338379]
1028	[-33.96925354003906]
1029	[-31.19487762451172]
1030	[-29.335582733154297]
1031	[-23.649187088012695]
1032	[-22.522502899169922]
1033	[-25.431068420410156]
1034	[-29.20391845703125]
1035	[-44.80133819580078]
1036	[-17.48513412475586]
1037	[-14.634799003601074]
1038	[-19.552461624145508]
1039	[-25.447694778442383]
1040	[-40.33563995361328]
1041	[-25.924068450927734]
1042	[-21.03547477722168]
1043	[-18.617677688598633]
1044	[-23.676555633544922]
1045	[-23.6155948638916]
1046	[-21.349781036376953]
1047	[-15.4774169921875]
1048	[-16.103254318237305]
1049	[-19.12485122680664]
1050	[-35.043113708496094]
1051	[-18.032594680786133]
1052	[-21.43767738342285]
1053	[-25.13182258605957]
1054	[-28.315166473388672]
1055	[-19.210845947265625]
1056	[-65.65579223632812]
1057	[-20.30459213256836]
1058	[-23.74814224243164]
1059	[-15.222978591918945]
1060	[-30.66196632385254]
1061	[-21.91123390197754]
1062	[-17.286521911621094]
1063	[-13.845621109008789]
1064	[-21.467205047607422]
1065	[-16.472314834594727]
1066	[-28.939815521240234]
1067	[-22.388460159301758]
1068	[-17.82030487060547]
1069	[-31.71048355102539]
1070	[-43.13927459716797]
1071	[-43.406532287597656]
1072	[-37.565242767333984]
1073	[-20.76547622680664]
1074	[-20.567739486694336]
1075	[-12.913801193237305]
1076	[-11.237895965576172]
1077	[-31.632898330688477]
1078	[-20.65777587890625]
1079	[-13.040769577026367]
1080	[-11.294272422790527]
1081	[-17.216156005859375]
1082	[-14.072349548339844]
1083	[-21.578414916992188]
1084	[-45.42383575439453]
1085	[-13.687812805175781]
1086	[-22.527637481689453]
1087	[-25.697431564331055]
1088	[-29.577495574951172]
1089	[-31.508068084716797]
1090	[-23.55265235900879]
1091	[-39.083499908447266]
1092	[-17.312580108642578]
1093	[-22.136707305908203]
1094	[-32.187217712402344]
1095	[-13.504068374633789]
1096	[-12.837196350097656]
1097	[-18.05624008178711]
1098	[-15.654375076293945]
1099	[-22.09142303466797]
1100	[-21.218971252441406]
1101	[-18.161678314208984]
1102	[-11.389010429382324]
1103	[-31.715431213378906]
1104	[-39.10280990600586]
1105	[-28.926795959472656]
1106	[-19.41434097290039]
1107	[-32.931453704833984]
1108	[-47.39251708984375]
1109	[-16.377389907836914]
1110	[-21.545406341552734]
1111	[-14.640125274658203]
1112	[-17.238624572753906]
1113	[-27.737993240356445]
1114	[-20.037792205810547]
1115	[-31.04222869873047]
1116	[-45.320411682128906]
1117	[-32.9176025390625]
1118	[-20.3205623626709]
1119	[-15.353836059570312]
1120	[-10.860076904296875]
1121	[-17.236263275146484]
1122	[-17.651485443115234]
1123	[-18.8990421295166]
1124	[-25.59757423400879]
1125	[-30.61781883239746]
1126	[-14.841897964477539]
1127	[-24.181726455688477]
1128	[-42.70299530029297]
1129	[-46.57276153564453]
1130	[-113.54981994628906]
1131	[-37.76634979248047]
1132	[-32.38676452636719]
1133	[-39.35001754760742]
1134	[-39.643035888671875]
1135	[-23.28013801574707]
1136	[-33.050148010253906]
1137	[-41.34710693359375]
1138	[-48.8508186340332]
1139	[-35.13182067871094]
1140	[-34.60380554199219]
1141	[-37.32621765136719]
1142	[-43.685157775878906]
1143	[-34.56578826904297]
1144	[-28.861230850219727]
1145	[-20.4626522064209]
1146	[-48.25946044921875]
1147	[-19.550079345703125]
1148	[-32.78557586669922]
1149	[-21.766021728515625]
1150	[-38.27980041503906]
1151	[-41.79241943359375]
1152	[-23.608705520629883]
1153	[-27.658506393432617]
1154	[-14.245011329650879]
1155	[-21.3682804107666]
1156	[-18.12362289428711]
1157	[-18.332029342651367]
1158	[-15.250567436218262]
1159	[-21.86522102355957]
1160	[-14.637500762939453]
1161	[-21.057785034179688]
1162	[-16.860427856445312]
1163	[-20.501724243164062]
1164	[-18.41785430908203]
1165	[-19.990934371948242]
1166	[-27.626848220825195]
1167	[-24.011566162109375]
1168	[-45.81736755371094]
1169	[-25.88852882385254]
1170	[-28.128326416015625]
1171	[-29.260974884033203]
1172	[-17.17557144165039]
1173	[-26.229928970336914]
1174	[-26.094364166259766]
1175	[-32.50136947631836]
1176	[-18.11829376220703]
1177	[-20.808856964111328]
1178	[-53.2802619934082]
1179	[-34.68242645263672]
1180	[-31.188764572143555]
1181	[-19.544757843017578]
1182	[-15.769323348999023]
1183	[-31.49526596069336]
1184	[-40.45798110961914]
1185	[-19.606779098510742]
1186	[-28.174175262451172]
1187	[-25.00861167907715]
1188	[-36.2598876953125]
1189	[-35.08430099487305]
1190	[-29.415367126464844]
1191	[-19.045454025268555]
1192	[-17.34423065185547]
1193	[-29.338443756103516]
1194	[-16.08014678955078]
1195	[-32.169307708740234]
1196	[-24.6403865814209]
1197	[-34.021297454833984]
1198	[-34.47783660888672]
1199	[-26.636308670043945]
1200	[-33.191246032714844]
1201	[-22.516550064086914]
1202	[-26.719383239746094]
1203	[-22.843997955322266]
1204	[-48.60503387451172]
1205	[-26.15989875793457]
1206	[-32.09284591674805]
1207	[-25.914180755615234]
1208	[-24.595834732055664]
1209	[-32.92703628540039]
1210	[-25.7498722076416]
1211	[-7.916871547698975]
1212	[-17.407318115234375]
1213	[-27.083770751953125]
1214	[-13.570272445678711]
1215	[-13.846672058105469]
1216	[-24.943490982055664]
1217	[-20.352401733398438]
1218	[-24.9428768157959]
1219	[-18.43050765991211]
1220	[-18.179203033447266]
1221	[-28.142683029174805]
1222	[-24.589969635009766]
1223	[-17.073097229003906]
1224	[-28.642410278320312]
1225	[-21.539081573486328]
1226	[-20.91950035095215]
1227	[-24.686830520629883]
1228	[-44.02235412597656]
1229	[-21.71723175048828]
1230	[-15.800195693969727]
1231	[-13.934418678283691]
1232	[-24.433326721191406]
1233	[-29.76384735107422]
1234	[-18.051271438598633]
1235	[-28.957338333129883]
1236	[-18.66107749938965]
1237	[-25.818681716918945]
1238	[-25.068653106689453]
1239	[-30.994827270507812]
1240	[-29.577924728393555]
1241	[-26.402437210083008]
1242	[-19.66579818725586]
1243	[-27.30297088623047]
1244	[-17.247112274169922]
1245	[-33.860191345214844]
1246	[-16.09900665283203]
1247	[-24.56160545349121]
1248	[-26.358823776245117]
1249	[-21.453285217285156]
1250	[-22.64520835876465]
1251	[-19.90033721923828]
1252	[-28.36515235900879]
1253	[-30.955717086791992]
1254	[-12.854965209960938]
1255	[-20.499923706054688]
1256	[-45.88214874267578]
1257	[-18.933378219604492]
1258	[-21.810476303100586]
1259	[-22.129356384277344]
1260	[-30.58497428894043]
1261	[-24.8741512298584]
1262	[-51.42586898803711]
1263	[-32.04016876220703]
1264	[-41.47979736328125]
1265	[-22.164608001708984]
1266	[-29.506372451782227]
1267	[-26.5053653717041]
1268	[-30.3433895111084]
1269	[-36.307159423828125]
1270	[-31.59983253479004]
1271	[-26.435462951660156]
1272	[-14.310632705688477]
1273	[-15.727256774902344]
1274	[-51.54716110229492]
1275	[-37.85674285888672]
1276	[-45.89566421508789]
1277	[-30.302833557128906]
1278	[-23.045059204101562]
1279	[-31.626869201660156]
1280	[-24.820674896240234]
1281	[-19.244781494140625]
1282	[-49.92087936401367]
1283	[-40.05210876464844]
1284	[-49.06705856323242]
1285	[-27.616596221923828]
1286	[-25.003814697265625]
1287	[-19.00367546081543]
1288	[-24.314651489257812]
1289	[-20.465316772460938]
1290	[-53.0280876159668]
1291	[-37.98119354248047]
1292	[-46.63873291015625]
1293	[-23.903594970703125]
1294	[-24.62766456604004]
1295	[-35.3350715637207]
1296	[-23.158096313476562]
1297	[-23.28248405456543]
1298	[-31.29507064819336]
1299	[-37.98981475830078]
1300	[-22.00697898864746]
1301	[-24.456016540527344]
1302	[-35.97460174560547]
1303	[-47.224246978759766]
1304	[-34.001670837402344]
1305	[-31.976364135742188]
1306	[-20.969022750854492]
1307	[-25.48883056640625]
1308	[-21.120697021484375]
1309	[-21.044055938720703]
1310	[-27.155441284179688]
1311	[-21.865474700927734]
1312	[-29.610713958740234]
1313	[-46.89318084716797]
1314	[-44.5046501159668]
1315	[-25.15117073059082]
1316	[-25.628803253173828]
1317	[-22.946155548095703]
1318	[-14.526286125183105]
1319	[-44.5782585144043]
1320	[-39.78839874267578]
1321	[-28.350461959838867]
1322	[-20.89533233642578]
1323	[-9.729376792907715]
1324	[-38.73865509033203]
1325	[-43.597862243652344]
1326	[-22.49540901184082]
1327	[-32.64794921875]
1328	[-38.18793487548828]
1329	[-24.14873504638672]
1330	[-43.16001892089844]
1331	[-62.8171272277832]
1332	[-17.195045471191406]
1333	[-15.39443588256836]
1334	[-20.052785873413086]
1335	[-40.80659484863281]
1336	[-14.496947288513184]
1337	[-13.454771041870117]
1338	[-41.04461669921875]
1339	[-27.897750854492188]
1340	[-32.22438430786133]
1341	[-51.241004943847656]
1342	[-41.41279602050781]
1343	[-37.42092514038086]
1344	[-25.372634887695312]
1345	[-10.11246109008789]
1346	[-8.754451751708984]
1347	[-24.014511108398438]
1348	[-35.79405212402344]
1349	[-22.38858413696289]
1350	[-56.24745559692383]
1351	[-15.886857986450195]
1352	[-28.520090103149414]
1353	[-30.803184509277344]
1354	[-25.28179168701172]
1355	[-43.558738708496094]
1356	[-14.152923583984375]
1357	[-24.231897354125977]
1358	[-23.89234161376953]
1359	[-18.643146514892578]
1360	[-34.292686462402344]
1361	[-40.840415954589844]
1362	[-31.146642684936523]
1363	[-14.751230239868164]
1364	[-26.954294204711914]
1365	[-42.637935638427734]
1366	[-32.55865478515625]
1367	[-26.41182518005371]
1368	[-43.544010162353516]
1369	[-12.65537166595459]
1370	[-15.539060592651367]
1371	[-22.263019561767578]
1372	[-28.345596313476562]
1373	[-20.464866638183594]
1374	[-35.887603759765625]
1375	[-41.63783645629883]
1376	[-41.556846618652344]
1377	[-45.54792022705078]
1378	[-35.81418991088867]
1379	[-32.148155212402344]
1380	[-20.162540435791016]
1381	[-36.5001106262207]
1382	[-41.324459075927734]
1383	[-33.15758514404297]
1384	[-48.69382858276367]
1385	[-43.1829948425293]
1386	[-28.84725570678711]
1387	[-38.930763244628906]
1388	[-22.524518966674805]
1389	[-34.9172477722168]
1390	[-35.19272232055664]
1391	[-15.849519729614258]
1392	[-20.335933685302734]
1393	[-27.67915916442871]
1394	[-29.265586853027344]
1395	[-27.680850982666016]
1396	[-26.465532302856445]
1397	[-26.553424835205078]
1398	[-25.40673828125]
1399	[-29.642852783203125]
1400	[-23.273033142089844]
1401	[-32.99528121948242]
1402	[-39.71945571899414]
1403	[-21.833730697631836]
1404	[-23.007308959960938]
1405	[-35.53584289550781]
1406	[-39.606075286865234]
1407	[-13.684497833251953]
1408	[-22.932910919189453]
1409	[-12.528661727905273]
1410	[-21.639585494995117]
1411	[-8.907244682312012]
1412	[-25.75939178466797]
1413	[-21.979970932006836]
1414	[-45.5450439453125]
1415	[-34.865699768066406]
1416	[-18.67353057861328]
1417	[-29.03526496887207]
1418	[-53.59788513183594]
1419	[-21.1099910736084]
1420	[-36.43508529663086]
1421	[-57.63347244262695]
1422	[-33.954978942871094]
1423	[-23.356353759765625]
1424	[-30.559173583984375]
1425	[-25.459497451782227]
1426	[-57.49449920654297]
1427	[-20.954984664916992]
1428	[-38.761966705322266]
1429	[-56.69374465942383]
1430	[-19.362998962402344]
1431	[-17.088333129882812]
1432	[-47.33592224121094]
1433	[-50.621761322021484]
1434	[-20.93768882751465]
1435	[-34.276145935058594]
1436	[-52.85163116455078]
1437	[-46.99684524536133]
1438	[-30.079940795898438]
1439	[-18.63397979736328]
1440	[-38.153717041015625]
1441	[-21.984045028686523]
1442	[-36.89183044433594]
1443	[-19.93079948425293]
1444	[-27.594371795654297]
1445	[-21.89836883544922]
1446	[-34.820072174072266]
1447	[-63.68391036987305]
1448	[-36.88961410522461]
1449	[-34.55733871459961]
1450	[-19.5673885345459]
1451	[-31.385299682617188]
1452	[-21.457971572875977]
1453	[-32.67717742919922]
1454	[-15.050969123840332]
1455	[-12.661267280578613]
1456	[-13.528515815734863]
1457	[-22.882984161376953]
1458	[-21.243051528930664]
1459	[-14.958728790283203]
1460	[-43.63977813720703]
1461	[-15.4588041305542]
1462	[-23.92751121520996]
1463	[-21.442466735839844]
1464	[-14.901985168457031]
1465	[-11.959382057189941]
1466	[-24.601383209228516]
1467	[-27.568950653076172]
1468	[-22.155776977539062]
1469	[-19.10689353942871]
1470	[-17.719402313232422]
1471	[-22.188371658325195]
1472	[-36.94001007080078]
1473	[-26.721858978271484]
1474	[-41.220462799072266]
1475	[-23.258590698242188]
1476	[-30.930944442749023]
1477	[-15.652996063232422]
1478	[-30.093107223510742]
1479	[-27.91744613647461]
1480	[-42.66925048828125]
1481	[-44.02449035644531]
1482	[-30.454744338989258]
1483	[-16.806896209716797]
1484	[-42.64436340332031]
1485	[-51.14823532104492]
1486	[-29.455564498901367]
1487	[-34.93843460083008]
1488	[-46.042457580566406]
1489	[-38.60679244995117]
1490	[-25.98335075378418]
1491	[-36.83448791503906]
1492	[-17.684295654296875]
1493	[-42.58544921875]
1494	[-27.264774322509766]
1495	[-38.344329833984375]
1496	[-36.6806640625]
1497	[-36.96406936645508]
1498	[-21.596359252929688]
1499	[-21.41750717163086]
1500	[-32.46697998046875]
1501	[-28.143301010131836]
1502	[-28.377443313598633]
1503	[-32.43436050415039]
1504	[-20.0416202545166]
1505	[-28.733068466186523]
1506	[-48.00442123413086]
1507	[-21.88715171813965]
1508	[-35.28131103515625]
1509	[-63.11871337890625]
1510	[-23.157917022705078]
1511	[-29.802160263061523]
1512	[-25.465103149414062]
1513	[-37.65110778808594]
1514	[-6.196200847625732]
1515	[-5.84562349319458]
1516	[-22.768754959106445]
1517	[-16.59242820739746]
1518	[-31.19795799255371]
1519	[-37.36777877807617]
1520	[-29.071735382080078]
1521	[-18.72652244567871]
1522	[-16.29603385925293]
1523	[-56.46199035644531]
1524	[-36.62506103515625]
1525	[-24.185884475708008]
1526	[-26.90312957763672]
1527	[-27.557477951049805]
1528	[-26.532386779785156]
1529	[-15.453937530517578]
1530	[-13.64129638671875]
1531	[-12.301480293273926]
1532	[-13.964560508728027]
1533	[-23.976211547851562]
1534	[-18.66899299621582]
1535	[-23.267921447753906]
1536	[-13.304576873779297]
1537	[-26.92932891845703]
1538	[-15.656771659851074]
1539	[-21.73336410522461]
1540	[-30.837018966674805]
1541	[-24.866512298583984]
1542	[-21.481225967407227]
1543	[-74.69989013671875]
1544	[-28.153390884399414]
1545	[-23.915658950805664]
1546	[-35.67621612548828]
1547	[-27.6854248046875]
1548	[-63.14361572265625]
1549	[-21.225975036621094]
1550	[-14.263708114624023]
1551	[-21.978517532348633]
1552	[-34.40304946899414]
1553	[-16.137786865234375]
1554	[-33.02423095703125]
1555	[-22.815568923950195]
1556	[-23.72785186767578]
1557	[-28.019437789916992]
1558	[-27.234155654907227]
1559	[-27.41845703125]
1560	[-19.69080352783203]
1561	[-24.395641326904297]
1562	[-20.795137405395508]
1563	[-37.486629486083984]
1564	[-22.369291305541992]
1565	[-28.181976318359375]
1566	[-26.953975677490234]
1567	[-26.225257873535156]
1568	[-25.463592529296875]
1569	[-15.099161148071289]
1570	[-13.035058975219727]
1571	[-27.647768020629883]
1572	[-37.21874237060547]
1573	[-30.033605575561523]
1574	[-27.33786392211914]
1575	[-22.38587188720703]
1576	[-11.894667625427246]
1577	[-30.690826416015625]
1578	[-29.375524520874023]
1579	[-16.68337059020996]
1580	[-45.823177337646484]
1581	[-25.856651306152344]
1582	[-39.55957794189453]
1583	[-25.902591705322266]
1584	[-25.29778289794922]
1585	[-32.60484313964844]
1586	[-25.670820236206055]
1587	[-29.031307220458984]
1588	[-25.2600154876709]
1589	[-36.26106643676758]
