0	[-19.202661514282227, -47.39059066772461]
1	[-17.214309692382812, -42.98451232910156]
2	[-14.67945384979248, -50.001285552978516]
3	[-21.74323272705078, -41.41623306274414]
4	[-19.713563919067383, -43.20283126831055]
5	[-17.102638244628906, -40.79338073730469]
6	[-19.288259506225586, -50.415382385253906]
7	[-13.198820114135742, -36.45017623901367]
8	[-17.46857452392578, -46.15363311767578]
9	[-20.047527313232422, -63.401451110839844]
10	[-18.65006446838379, -44.94184494018555]
11	[-20.3067684173584, -52.700340270996094]
12	[-18.083967208862305, -46.23732376098633]
13	[-21.82065200805664, -57.12417221069336]
14	[-19.31566619873047, -54.93516540527344]
15	[-16.328922271728516, -52.60235595703125]
16	[-28.561735153198242, -58.78666305541992]
17	[-29.463115692138672, -62.86775588989258]
18	[-14.077887535095215, -39.794105529785156]
19	[-18.442577362060547, -55.415889739990234]
20	[-16.006067276000977, -57.669212341308594]
21	[-15.783140182495117, -41.85624313354492]
22	[-14.538040161132812, -38.814701080322266]
23	[-15.624978065490723, -36.99736404418945]
24	[-15.365117073059082, -41.403499603271484]
25	[-21.168867111206055, -37.393707275390625]
26	[-17.234663009643555, -46.124778747558594]
27	[-14.622254371643066, -37.832157135009766]
28	[-12.06460189819336, -39.584922790527344]
29	[-23.677841186523438, -63.27116394042969]
30	[-21.06220054626465, -65.61920166015625]
31	[-17.010494232177734, -50.61424255371094]
32	[-14.766037940979004, -44.81340408325195]
33	[-17.535221099853516, -41.75640106201172]
34	[-18.893144607543945, -45.00048828125]
35	[-23.15087890625, -49.53408432006836]
36	[-25.89141273498535, -46.28882598876953]
37	[-27.969017028808594, -49.09416198730469]
38	[-17.236398696899414, -41.62320327758789]
39	[-12.96544361114502, -41.306793212890625]
40	[-10.432127952575684, -33.28772735595703]
41	[-21.640581130981445, -43.93315124511719]
42	[-17.242507934570312, -35.737815856933594]
43	[-17.59283447265625, -37.93766403198242]
44	[-19.750988006591797, -51.70213317871094]
45	[-13.774541854858398, -38.21271896362305]
46	[-21.852802276611328, -54.792972564697266]
47	[-12.15261459350586, -35.763702392578125]
48	[-8.056143760681152, -55.52838134765625]
49	[-14.334718704223633, -31.879961013793945]
50	[-17.932064056396484, -43.17283248901367]
51	[-22.6798152923584, -49.62054443359375]
52	[-24.785852432250977, -53.4415397644043]
53	[-19.24571990966797, -74.30597686767578]
54	[-25.841373443603516, -59.59754943847656]
55	[-16.57925796508789, -57.189430236816406]
56	[-26.294660568237305, -75.25719451904297]
57	[-26.95302963256836, -94.73243713378906]
58	[-30.502609252929688, -61.78630065917969]
59	[-28.583498001098633, -85.38469696044922]
60	[-31.43918800354004, -98.36351013183594]
61	[-23.072708129882812, -75.9642333984375]
62	[-9.11921501159668, -31.48467445373535]
63	[-15.810994148254395, -49.95781707763672]
64	[-13.267668724060059, -43.12512969970703]
65	[-34.145469665527344, -142.60377502441406]
66	[-21.771921157836914, -59.339393615722656]
67	[-27.508075714111328, -60.242431640625]
68	[-19.23168182373047, -42.080204010009766]
69	[-21.83298110961914, -53.969181060791016]
70	[-16.03886604309082, -43.329673767089844]
71	[-19.215065002441406, -71.32305145263672]
72	[-26.82114028930664, -73.21292114257812]
73	[-28.331663131713867, -61.16952896118164]
74	[-28.911407470703125, -60.20949172973633]
75	[-41.96181106567383, -97.50519561767578]
76	[-16.258729934692383, -61.19905471801758]
77	[-24.285991668701172, -83.3232421875]
78	[-18.43768310546875, -98.79113006591797]
79	[-23.546125411987305, -46.137447357177734]
80	[-23.21393585205078, -65.04215240478516]
81	[-16.90351104736328, -70.73491668701172]
82	[-19.338064193725586, -55.097591400146484]
83	[-20.732656478881836, -53.89458084106445]
84	[-23.045209884643555, -77.1244125366211]
85	[-19.065370559692383, -38.52061462402344]
86	[-18.736818313598633, -53.14204788208008]
87	[-11.9984712600708, -33.676658630371094]
88	[-20.988893508911133, -54.80391311645508]
89	[-21.120620727539062, -50.07083511352539]
90	[-15.53689956665039, -42.83669662475586]
91	[-9.291598320007324, -49.13103103637695]
92	[-12.600529670715332, -47.441505432128906]
93	[-24.274051666259766, -79.83132934570312]
94	[-17.963504791259766, -48.8113899230957]
95	[-15.038043975830078, -51.416751861572266]
96	[-18.82335662841797, -43.621726989746094]
97	[-21.55195426940918, -63.05684280395508]
98	[-24.969850540161133, -72.25120544433594]
99	[-24.151966094970703, -49.64806365966797]
100	[-13.040796279907227, -44.495689392089844]
101	[-18.937299728393555, -47.840065002441406]
102	[-19.459863662719727, -55.18918991088867]
103	[-15.672368049621582, -51.977821350097656]
104	[-16.05074691772461, -43.71083450317383]
105	[-49.157596588134766, -115.42379760742188]
106	[-28.246776580810547, -71.42586517333984]
107	[-16.922517776489258, -37.74527359008789]
108	[-13.717735290527344, -40.93337631225586]
109	[-23.14404296875, -67.12944030761719]
110	[-10.523719787597656, -37.174747467041016]
111	[-25.78003692626953, -47.97642517089844]
112	[-16.68492889404297, -51.68526077270508]
113	[-25.727127075195312, -62.53117370605469]
114	[-12.074531555175781, -43.15240478515625]
115	[-16.24570655822754, -36.94417953491211]
116	[-26.510330200195312, -77.53649139404297]
117	[-36.392215728759766, -79.93307495117188]
118	[-25.561460494995117, -57.293731689453125]
119	[-13.870101928710938, -39.03733444213867]
120	[-34.79743194580078, -56.691497802734375]
121	[-18.41277503967285, -49.647762298583984]
122	[-13.365870475769043, -37.997867584228516]
123	[-16.608612060546875, -43.546112060546875]
124	[-23.34430694580078, -66.7226791381836]
125	[-38.123836517333984, -82.73973083496094]
126	[-13.394391059875488, -35.07792282104492]
127	[-11.771897315979004, -32.146968841552734]
128	[-22.719257354736328, -68.84810638427734]
129	[-15.698846817016602, -45.88326644897461]
130	[-13.393213272094727, -50.432579040527344]
131	[-24.768205642700195, -65.62405395507812]
132	[-21.705249786376953, -55.92597579956055]
133	[-19.55849838256836, -43.37996292114258]
134	[-11.230969429016113, -37.6988410949707]
135	[-16.633569717407227, -48.780540466308594]
136	[-18.271989822387695, -53.14430618286133]
137	[-18.331636428833008, -50.37446212768555]
138	[-11.068873405456543, -43.30581283569336]
139	[-19.765426635742188, -67.44166564941406]
140	[-20.382448196411133, -50.33413314819336]
141	[-26.12451934814453, -56.48705291748047]
142	[-10.924028396606445, -38.59605407714844]
143	[-8.663382530212402, -28.415088653564453]
144	[-12.220952987670898, -27.323444366455078]
145	[-10.450618743896484, -27.194238662719727]
146	[-13.99454402923584, -28.655597686767578]
147	[-24.96082305908203, -69.40145111083984]
148	[-21.538732528686523, -55.13938903808594]
149	[-13.679119110107422, -38.744049072265625]
150	[-37.9378662109375, -85.91753387451172]
151	[-29.158950805664062, -89.00695037841797]
152	[-26.339988708496094, -72.63687133789062]
153	[-36.64735412597656, -92.25590515136719]
154	[-17.72501564025879, -46.97496795654297]
155	[-9.319269180297852, -38.81303024291992]
156	[-29.598426818847656, -74.1213607788086]
157	[-15.806097030639648, -31.228485107421875]
158	[-13.646562576293945, -39.10343933105469]
159	[-15.339771270751953, -50.65799331665039]
160	[-27.75749969482422, -73.83910369873047]
161	[-32.26014709472656, -63.83501052856445]
162	[-33.679542541503906, -121.55572509765625]
163	[-25.680938720703125, -100.20109558105469]
164	[-10.792673110961914, -41.397342681884766]
165	[-13.640917778015137, -52.09877014160156]
166	[-25.054351806640625, -75.15989685058594]
167	[-26.23792839050293, -71.65872955322266]
168	[-26.34034538269043, -73.28311157226562]
169	[-28.130769729614258, -71.80685424804688]
170	[-51.51525115966797, -93.12755584716797]
171	[-34.399017333984375, -86.4566650390625]
172	[-19.239023208618164, -52.309654235839844]
173	[-26.362895965576172, -68.6139907836914]
174	[-27.127708435058594, -93.28538513183594]
175	[-30.835784912109375, -68.4751205444336]
176	[-30.412290573120117, -74.04765319824219]
177	[-16.78768539428711, -66.75765991210938]
178	[-17.248889923095703, -55.15934753417969]
179	[-28.347991943359375, -74.81903076171875]
180	[-42.752220153808594, -97.82063293457031]
181	[-31.18612289428711, -73.30657196044922]
182	[-14.245147705078125, -45.384620666503906]
183	[-35.60560607910156, -74.56509399414062]
184	[-32.849365234375, -84.6976547241211]
185	[-22.560041427612305, -65.30570220947266]
186	[-25.073095321655273, -81.77833557128906]
187	[-16.263141632080078, -57.01185607910156]
188	[-15.102130889892578, -69.37272644042969]
189	[-16.79152488708496, -46.36747360229492]
190	[-20.762657165527344, -73.50894927978516]
191	[-36.54444122314453, -111.31198120117188]
192	[-17.694366455078125, -50.162696838378906]
193	[-25.32575035095215, -69.1718978881836]
194	[-18.358840942382812, -49.471221923828125]
195	[-23.696090698242188, -59.16306686401367]
196	[-14.739702224731445, -32.64976119995117]
197	[-24.12648582458496, -50.09417724609375]
198	[-37.37283706665039, -84.38247680664062]
199	[-19.99903106689453, -56.475990295410156]
200	[-45.99766540527344, -98.91802215576172]
201	[-43.997283935546875, -119.5086669921875]
202	[-19.402210235595703, -57.40180587768555]
203	[-11.593506813049316, -31.546817779541016]
204	[-18.383930206298828, -51.56114959716797]
205	[-18.483211517333984, -55.637996673583984]
206	[-6.967098236083984, -21.813068389892578]
207	[-15.525513648986816, -36.37057113647461]
208	[-24.441810607910156, -55.123817443847656]
209	[-32.891502380371094, -85.88052368164062]
210	[-11.065804481506348, -35.96898651123047]
211	[-8.641593933105469, -39.94310760498047]
212	[-29.180438995361328, -78.54627227783203]
213	[-51.71357345581055, -122.38125610351562]
214	[-29.929983139038086, -62.39616775512695]
215	[-36.76300048828125, -63.55030822753906]
216	[-24.30070686340332, -63.39423751831055]
217	[-46.86233901977539, -112.25262451171875]
218	[-8.45699405670166, -29.755043029785156]
219	[-18.53772735595703, -44.319278717041016]
220	[-11.540340423583984, -30.77277374267578]
221	[-18.435388565063477, -44.61061477661133]
222	[-29.42331314086914, -96.83894348144531]
223	[-32.577842712402344, -91.89746856689453]
224	[-34.05702209472656, -82.60725402832031]
225	[-20.89084243774414, -39.103912353515625]
226	[-19.674999237060547, -55.74888610839844]
227	[-52.75802993774414, -96.22164916992188]
228	[-28.463502883911133, -57.947959899902344]
229	[-19.072534561157227, -64.325439453125]
230	[-35.886451721191406, -107.95064544677734]
231	[-26.552444458007812, -47.65923309326172]
232	[-32.59971237182617, -93.06846618652344]
233	[-18.88028907775879, -48.52998352050781]
234	[-26.624801635742188, -48.40471267700195]
235	[-14.687799453735352, -44.16819381713867]
236	[-12.330578804016113, -43.04768753051758]
237	[-16.892356872558594, -45.66962432861328]
238	[-10.658225059509277, -42.226661682128906]
239	[-17.16874122619629, -45.81629943847656]
240	[-28.975934982299805, -85.32160949707031]
241	[-15.255647659301758, -43.95831298828125]
242	[-15.877265930175781, -38.85926055908203]
243	[-9.064847946166992, -49.077640533447266]
244	[-16.89055061340332, -44.66651153564453]
245	[-23.237606048583984, -44.54265213012695]
246	[-17.95543098449707, -42.025760650634766]
247	[-25.134057998657227, -69.45277404785156]
248	[-26.344396591186523, -38.619041442871094]
249	[-25.015958786010742, -49.92729187011719]
250	[-25.24248504638672, -50.978031158447266]
251	[-35.94287109375, -70.07455444335938]
252	[-36.70563507080078, -84.31472778320312]
253	[-21.187076568603516, -48.70206832885742]
254	[-28.07550811767578, -61.74871063232422]
255	[-25.066452026367188, -69.81346893310547]
256	[-26.358356475830078, -69.27740478515625]
257	[-30.135028839111328, -75.2416763305664]
258	[-20.909536361694336, -54.627342224121094]
259	[-14.368596076965332, -33.97254180908203]
260	[-21.837221145629883, -42.19685745239258]
261	[-38.94865417480469, -85.74756622314453]
262	[-38.14046859741211, -65.24359130859375]
263	[-16.573528289794922, -40.08125305175781]
264	[-23.826839447021484, -55.414424896240234]
265	[-20.273387908935547, -47.37525939941406]
266	[-20.671175003051758, -46.18440628051758]
267	[-33.897216796875, -73.05902099609375]
268	[-21.65003204345703, -45.04136276245117]
269	[-7.018712997436523, -47.87089157104492]
270	[-12.730408668518066, -33.22120666503906]
271	[-13.58200740814209, -47.031620025634766]
272	[-24.922500610351562, -44.020267486572266]
273	[-19.17071533203125, -47.53386306762695]
274	[-20.886491775512695, -75.06575775146484]
275	[-18.115646362304688, -57.078453063964844]
276	[-30.377079010009766, -76.69078063964844]
277	[-22.533641815185547, -58.35159683227539]
278	[-26.95975112915039, -75.60618591308594]
279	[-19.137187957763672, -52.97261428833008]
280	[-24.121402740478516, -45.01455307006836]
281	[-13.537572860717773, -48.032630920410156]
282	[-22.69384765625, -54.348514556884766]
283	[-12.949346542358398, -58.77669143676758]
284	[-20.601308822631836, -45.16232681274414]
285	[-26.895353317260742, -51.649169921875]
286	[-14.239001274108887, -51.61726760864258]
287	[-25.660266876220703, -51.908233642578125]
288	[-18.011005401611328, -40.49209213256836]
289	[-10.283203125, -34.776615142822266]
290	[-36.11511993408203, -71.5255126953125]
291	[-10.578662872314453, -60.14508819580078]
292	[-30.956554412841797, -65.930419921875]
293	[-21.22425651550293, -53.377445220947266]
294	[-31.314346313476562, -64.82472229003906]
295	[-8.255179405212402, -38.16877365112305]
296	[-14.125911712646484, -60.38095474243164]
297	[-25.804397583007812, -52.118186950683594]
298	[-14.707191467285156, -34.682220458984375]
299	[-18.15793800354004, -23.90560531616211]
300	[-20.15283966064453, -46.18217086791992]
301	[-27.462661743164062, -45.851436614990234]
302	[-17.142173767089844, -40.39189147949219]
303	[-20.364604949951172, -42.183589935302734]
304	[-7.570372104644775, -38.3394775390625]
305	[-19.563051223754883, -63.03522872924805]
306	[-16.652462005615234, -39.74660110473633]
307	[-14.774620056152344, -39.28705596923828]
308	[-26.458473205566406, -71.43184661865234]
309	[-16.054363250732422, -48.528831481933594]
310	[-19.171249389648438, -52.6901741027832]
311	[-25.19947052001953, -63.83610534667969]
312	[-13.232166290283203, -62.872074127197266]
313	[-16.40093421936035, -53.09894561767578]
314	[-23.10422706604004, -72.76690673828125]
315	[-16.198524475097656, -48.40586853027344]
316	[-15.444328308105469, -43.23302459716797]
317	[-15.45832633972168, -49.20845413208008]
318	[-40.75849151611328, -92.16722106933594]
319	[-21.71702766418457, -53.58757019042969]
320	[-21.311838150024414, -54.49821853637695]
321	[-10.948628425598145, -27.6934814453125]
322	[-7.581610679626465, -24.22579574584961]
323	[-23.243438720703125, -45.810394287109375]
324	[-17.001144409179688, -47.74866485595703]
325	[-15.5084810256958, -31.67745590209961]
326	[-18.198726654052734, -39.75917053222656]
327	[-33.02433395385742, -66.88092803955078]
328	[-12.382856369018555, -31.35089111328125]
329	[-23.20083999633789, -58.77335739135742]
330	[-14.683335304260254, -47.645484924316406]
331	[-16.73262596130371, -51.44536590576172]
332	[-23.32633399963379, -54.65721893310547]
333	[-21.989013671875, -61.754390716552734]
334	[-15.337114334106445, -47.03646469116211]
335	[-22.496767044067383, -55.3328742980957]
336	[-12.860770225524902, -42.49071502685547]
337	[-22.500333786010742, -56.641258239746094]
338	[-12.639036178588867, -37.188419342041016]
339	[-23.243330001831055, -56.726131439208984]
340	[-15.979211807250977, -44.81217575073242]
341	[-15.534637451171875, -49.38268280029297]
342	[-14.424734115600586, -44.62488555908203]
343	[-15.14543342590332, -51.35376739501953]
344	[-18.9254207611084, -46.29535675048828]
345	[-25.934844970703125, -64.14152526855469]
346	[-19.86115837097168, -47.919795989990234]
347	[-23.974336624145508, -49.98775100708008]
348	[-16.574434280395508, -49.27908706665039]
349	[-16.416166305541992, -47.621376037597656]
350	[-20.531518936157227, -62.102413177490234]
351	[-10.605093002319336, -53.83203125]
352	[-18.662870407104492, -64.14360046386719]
353	[-18.072818756103516, -60.90371322631836]
354	[-15.552871704101562, -51.37276840209961]
355	[-25.70737075805664, -66.98038482666016]
356	[-19.908611297607422, -65.6993408203125]
357	[-16.042076110839844, -58.20613479614258]
358	[-18.164812088012695, -58.29172134399414]
359	[-15.405555725097656, -44.39874267578125]
360	[-18.7648868560791, -64.48468780517578]
361	[-29.994287490844727, -61.3670654296875]
362	[-19.317508697509766, -41.38557052612305]
363	[-42.689674377441406, -107.9999771118164]
364	[-24.214481353759766, -84.44953155517578]
365	[-21.492935180664062, -62.607337951660156]
366	[-44.678504943847656, -141.49868774414062]
367	[-17.71676254272461, -60.61295700073242]
368	[-27.94640350341797, -83.51142120361328]
369	[-12.392927169799805, -44.35014724731445]
370	[-14.617439270019531, -55.16424560546875]
371	[-28.302242279052734, -88.09877014160156]
372	[-18.858287811279297, -63.94792938232422]
373	[-43.980560302734375, -81.82610321044922]
374	[-32.24109649658203, -64.39653778076172]
375	[-27.803268432617188, -66.30672454833984]
376	[-30.009849548339844, -74.98684692382812]
377	[-15.668100357055664, -62.615047454833984]
378	[-11.901909828186035, -45.6419677734375]
379	[-28.00395393371582, -57.157081604003906]
380	[-17.80939483642578, -68.71690368652344]
381	[-14.686798095703125, -51.3643798828125]
382	[-28.50861358642578, -74.8073501586914]
383	[-23.492324829101562, -64.9093246459961]
384	[-35.74081802368164, -79.8812026977539]
385	[-21.37736701965332, -52.57225799560547]
386	[-17.207304000854492, -49.725929260253906]
387	[-17.75920867919922, -47.53550338745117]
388	[-14.72891902923584, -44.869110107421875]
389	[-25.15361976623535, -78.12645721435547]
390	[-19.65505027770996, -83.47059631347656]
391	[-30.63711929321289, -82.00127410888672]
392	[-27.521982192993164, -82.19706726074219]
393	[-20.09725570678711, -60.53464126586914]
394	[-26.84493064880371, -63.67775344848633]
395	[-11.556421279907227, -46.68275833129883]
396	[-7.8197197914123535, -55.51548385620117]
397	[-34.42643737792969, -109.58348083496094]
398	[-29.305988311767578, -84.32096099853516]
399	[-29.07648277282715, -95.71886444091797]
400	[-25.97296714782715, -59.44184875488281]
401	[-23.375782012939453, -65.21167755126953]
402	[-16.147762298583984, -50.24535369873047]
403	[-15.367905616760254, -56.01726531982422]
404	[-25.855575561523438, -72.628173828125]
405	[-15.516507148742676, -41.16233444213867]
406	[-18.487567901611328, -45.820091247558594]
407	[-14.67481517791748, -41.71739959716797]
408	[-23.649555206298828, -74.37323760986328]
409	[-21.677318572998047, -57.30240249633789]
410	[-20.16704559326172, -63.01423645019531]
411	[-20.53432846069336, -50.35572052001953]
412	[-24.664417266845703, -62.042823791503906]
413	[-29.88863182067871, -75.11934661865234]
414	[-23.274242401123047, -60.90989303588867]
415	[-35.19009017944336, -93.08272552490234]
416	[-18.801332473754883, -60.24867248535156]
417	[-17.03915786743164, -55.97444152832031]
418	[-39.83208465576172, -128.90377807617188]
419	[-20.123519897460938, -55.988380432128906]
420	[-19.920055389404297, -47.89518737792969]
421	[-21.76275634765625, -57.808650970458984]
422	[-15.115777015686035, -49.66551971435547]
423	[-14.974470138549805, -57.49055099487305]
424	[-27.633577346801758, -78.76961517333984]
425	[-19.15353775024414, -61.3941764831543]
426	[-22.88732147216797, -54.04999542236328]
427	[-54.67683410644531, -119.13170623779297]
428	[-28.28260040283203, -70.0449447631836]
429	[-20.128517150878906, -59.983055114746094]
430	[-26.069290161132812, -67.03333282470703]
431	[-19.62129020690918, -55.737342834472656]
432	[-34.592227935791016, -80.40547943115234]
433	[-24.802003860473633, -76.28306579589844]
434	[-24.315921783447266, -51.829444885253906]
435	[-31.65688705444336, -82.11329650878906]
436	[-12.722036361694336, -53.91519546508789]
437	[-16.415313720703125, -44.141082763671875]
438	[-42.008209228515625, -89.11201477050781]
439	[-22.003814697265625, -58.22489929199219]
440	[-26.769718170166016, -82.26020812988281]
441	[-18.507638931274414, -60.35200500488281]
442	[-36.1074104309082, -54.11793518066406]
443	[-19.480175018310547, -70.77824401855469]
444	[-18.492000579833984, -57.36265563964844]
445	[-15.033125877380371, -49.52220916748047]
446	[-13.120241165161133, -38.49327850341797]
447	[-19.67177391052246, -43.13295364379883]
448	[-21.36817169189453, -70.50638580322266]
449	[-21.001209259033203, -61.21971130371094]
450	[-25.612455368041992, -72.72979736328125]
451	[-19.789737701416016, -60.1041145324707]
452	[-26.478538513183594, -75.96176147460938]
453	[-40.3706169128418, -122.77510833740234]
454	[-28.144695281982422, -88.5538101196289]
455	[-28.003074645996094, -77.87761688232422]
456	[-20.929868698120117, -61.30414581298828]
457	[-11.506793975830078, -46.72419357299805]
458	[-16.30709457397461, -70.00153350830078]
459	[-17.79895782470703, -53.02408218383789]
460	[-39.352813720703125, -91.36497497558594]
461	[-36.52305221557617, -99.21178436279297]
462	[-19.861845016479492, -58.2747688293457]
463	[-26.64048957824707, -72.25123596191406]
464	[-22.155643463134766, -60.93733596801758]
465	[-28.043981552124023, -68.4735336303711]
466	[-12.287199974060059, -45.82292175292969]
467	[-14.660655975341797, -36.59624481201172]
468	[-15.689722061157227, -47.52879333496094]
469	[-16.31481170654297, -50.809349060058594]
470	[-19.74019432067871, -46.38876724243164]
471	[-25.320575714111328, -58.94137191772461]
472	[-11.003573417663574, -40.01272964477539]
473	[-20.594642639160156, -65.20082092285156]
474	[-40.19898223876953, -76.82609558105469]
475	[-39.065433502197266, -101.2864761352539]
476	[-39.47449493408203, -77.29578399658203]
477	[-43.74187088012695, -87.97211456298828]
478	[-30.529396057128906, -50.45263671875]
479	[-48.03715515136719, -87.51457214355469]
480	[-25.603776931762695, -58.174400329589844]
481	[-28.664525985717773, -99.99348449707031]
482	[-46.055931091308594, -98.46542358398438]
483	[-36.97174072265625, -84.09761047363281]
484	[-36.983402252197266, -94.36360931396484]
485	[-17.20462989807129, -55.80474853515625]
486	[-16.238136291503906, -52.94540023803711]
487	[-29.58146095275879, -135.0213165283203]
488	[-41.81746292114258, -141.43463134765625]
489	[-31.0801944732666, -79.42312622070312]
490	[-39.4093017578125, -87.70344543457031]
491	[-27.940237045288086, -55.91840744018555]
492	[-33.42558670043945, -80.90949249267578]
493	[-9.738767623901367, -45.803958892822266]
494	[-24.885028839111328, -68.73464965820312]
495	[-19.027145385742188, -57.00415802001953]
496	[-45.904109954833984, -107.47657775878906]
497	[-14.712614059448242, -47.8922119140625]
498	[-19.947744369506836, -51.55271911621094]
499	[-18.893903732299805, -39.400150299072266]
500	[-18.426956176757812, -60.63323211669922]
501	[-37.65998840332031, -81.185302734375]
502	[-13.824562072753906, -55.9152946472168]
503	[-10.657024383544922, -37.7818603515625]
504	[-36.52765655517578, -54.27587127685547]
505	[-19.013486862182617, -47.61507797241211]
506	[-15.541614532470703, -54.930667877197266]
507	[-19.264780044555664, -57.26239776611328]
508	[-20.187841415405273, -53.095497131347656]
509	[-35.92888641357422, -49.719844818115234]
510	[-21.464143753051758, -72.80142974853516]
511	[-20.19631576538086, -52.57170104980469]
512	[-19.76123809814453, -59.81965637207031]
513	[-22.993268966674805, -46.619937896728516]
514	[-15.342068672180176, -44.76991271972656]
515	[-17.84039878845215, -53.97206115722656]
516	[-12.753477096557617, -60.90116500854492]
517	[-28.536134719848633, -58.228084564208984]
518	[-19.573328018188477, -53.95964431762695]
519	[-15.991349220275879, -61.892974853515625]
520	[-33.18245315551758, -64.0799789428711]
521	[-12.28003215789795, -40.19865036010742]
522	[-24.94818687438965, -62.7752571105957]
523	[-15.730168342590332, -45.567596435546875]
524	[-22.88094711303711, -82.19517517089844]
525	[-19.03398895263672, -59.18741226196289]
526	[-37.26848220825195, -80.75922393798828]
527	[-26.861141204833984, -55.309043884277344]
528	[-32.46925354003906, -74.42591094970703]
529	[-27.541362762451172, -52.55173110961914]
530	[-22.718448638916016, -48.75796127319336]
531	[-15.705620765686035, -47.779991149902344]
532	[-18.965221405029297, -42.363399505615234]
533	[-18.433635711669922, -55.10335922241211]
534	[-24.40473175048828, -59.47597122192383]
535	[-28.143342971801758, -74.95846557617188]
536	[-28.008018493652344, -56.48212432861328]
537	[-15.91457748413086, -38.90399169921875]
538	[-21.90959930419922, -62.81736755371094]
539	[-27.142913818359375, -68.7598648071289]
540	[-32.036014556884766, -82.80681610107422]
541	[-55.76367950439453, -117.59739685058594]
542	[-54.4758186340332, -127.73509979248047]
543	[-28.625776290893555, -68.34722900390625]
544	[-23.409955978393555, -58.6810302734375]
545	[-29.00600242614746, -58.16010665893555]
546	[-24.32512664794922, -65.98236083984375]
547	[-23.00721549987793, -56.91211700439453]
548	[-13.177240371704102, -38.91923522949219]
549	[-33.881019592285156, -49.307682037353516]
550	[-17.58684730529785, -48.77312088012695]
551	[-29.019004821777344, -70.57218933105469]
552	[-22.240509033203125, -64.3419189453125]
553	[-21.22591781616211, -63.95439147949219]
554	[-15.750371932983398, -60.23979949951172]
555	[-21.230791091918945, -57.041046142578125]
556	[-17.679794311523438, -45.80348205566406]
557	[-22.4429931640625, -50.02334213256836]
558	[-18.244853973388672, -41.98765182495117]
559	[-16.278844833374023, -49.215003967285156]
560	[-15.551928520202637, -33.63254165649414]
561	[-12.043200492858887, -36.047119140625]
562	[-12.661415100097656, -53.193626403808594]
563	[-17.09950828552246, -43.61442184448242]
564	[-27.34168815612793, -62.66789245605469]
565	[-18.132217407226562, -45.01176834106445]
566	[-25.962913513183594, -65.24213409423828]
567	[-29.073726654052734, -99.5397720336914]
568	[-20.569204330444336, -88.83575439453125]
569	[-34.754295349121094, -77.12384033203125]
570	[-27.266220092773438, -89.62055969238281]
571	[-18.094791412353516, -55.04366683959961]
572	[-42.860198974609375, -92.44890594482422]
573	[-16.147714614868164, -43.128177642822266]
574	[-10.479701042175293, -42.29706573486328]
575	[-16.31624984741211, -46.025367736816406]
576	[-19.24502182006836, -43.47596740722656]
577	[-18.044301986694336, -54.38611602783203]
578	[-12.666661262512207, -41.466670989990234]
579	[-33.30050277709961, -66.8900375366211]
580	[-34.4262809753418, -95.48345947265625]
581	[-41.45538330078125, -92.91706085205078]
582	[-35.66211700439453, -97.5760498046875]
583	[-22.99685287475586, -77.88157653808594]
584	[-46.79231262207031, -101.44577026367188]
585	[-26.678638458251953, -56.10544204711914]
586	[-28.15060806274414, -96.91014862060547]
587	[-21.89448356628418, -61.027793884277344]
588	[-21.99285316467285, -57.83866882324219]
589	[-22.072479248046875, -53.17304992675781]
590	[-65.10051727294922, -176.39361572265625]
591	[-31.11355209350586, -132.13467407226562]
592	[-42.55414962768555, -120.08330535888672]
593	[-17.272537231445312, -66.0860824584961]
594	[-15.604987144470215, -70.84870910644531]
595	[-23.622196197509766, -61.74125671386719]
596	[-17.941251754760742, -69.97793579101562]
597	[-37.54834747314453, -83.32518005371094]
598	[-21.470638275146484, -79.43936157226562]
599	[-23.46563720703125, -69.4812240600586]
600	[-14.435888290405273, -47.28742599487305]
601	[-25.669898986816406, -54.163818359375]
602	[-22.608325958251953, -55.529991149902344]
603	[-11.55397891998291, -61.37797546386719]
604	[-29.374385833740234, -52.80882263183594]
605	[-14.85866641998291, -45.88520431518555]
606	[-22.78984832763672, -50.173553466796875]
607	[-29.880165100097656, -84.24007415771484]
608	[-22.642139434814453, -75.30789947509766]
609	[-23.89662742614746, -61.41082763671875]
610	[-20.671375274658203, -59.7533073425293]
611	[-24.752899169921875, -80.97311401367188]
612	[-17.61409568786621, -57.60678482055664]
613	[-17.8241024017334, -77.22164916992188]
614	[-23.14270782470703, -74.07195281982422]
615	[-28.62477684020996, -70.21052551269531]
616	[-17.895538330078125, -47.21425247192383]
617	[-28.54020118713379, -63.42361068725586]
618	[-22.149383544921875, -59.08030700683594]
619	[-19.60117530822754, -59.390960693359375]
620	[-20.837032318115234, -46.9250602722168]
621	[-24.833423614501953, -73.73920440673828]
622	[-35.98942565917969, -95.52323150634766]
623	[-24.824913024902344, -78.84886932373047]
624	[-30.781970977783203, -62.55226135253906]
625	[-19.78874969482422, -59.72394943237305]
626	[-14.13467025756836, -54.579193115234375]
627	[-14.4087553024292, -58.86638259887695]
628	[-26.912960052490234, -67.467529296875]
629	[-34.47895431518555, -90.32979583740234]
630	[-16.234832763671875, -65.26393127441406]
631	[-15.667898178100586, -57.86098861694336]
632	[-13.416119575500488, -59.7705078125]
633	[-20.45250129699707, -57.359474182128906]
634	[-13.578207969665527, -43.656639099121094]
635	[-22.65133285522461, -54.325111389160156]
636	[-24.869577407836914, -83.31593322753906]
637	[-24.16994285583496, -65.5689468383789]
638	[-26.032772064208984, -60.45197677612305]
639	[-28.94863510131836, -69.65171813964844]
640	[-19.68743896484375, -44.256988525390625]
641	[-26.51068687438965, -79.38610076904297]
642	[-24.397850036621094, -70.17508697509766]
643	[-24.55050277709961, -73.12342071533203]
644	[-16.46891975402832, -50.739219665527344]
645	[-26.3859806060791, -68.70549011230469]
646	[-20.776260375976562, -48.46113204956055]
647	[-13.642951011657715, -47.793792724609375]
648	[-23.766828536987305, -63.80491638183594]
649	[-16.030147552490234, -49.377220153808594]
650	[-26.364532470703125, -45.35029220581055]
651	[-20.115522384643555, -54.08357620239258]
652	[-26.059471130371094, -51.01810073852539]
653	[-46.12953567504883, -109.38600158691406]
654	[-24.65099334716797, -54.79808044433594]
655	[-28.5447940826416, -105.67964172363281]
656	[-22.128482818603516, -59.73451232910156]
657	[-24.910884857177734, -67.82839965820312]
658	[-56.070350646972656, -164.7376251220703]
659	[-24.080171585083008, -115.65458679199219]
660	[-40.60209655761719, -105.13163757324219]
661	[-22.326251983642578, -62.014991760253906]
662	[-41.594730377197266, -126.35425567626953]
663	[-40.814117431640625, -94.4683837890625]
664	[-21.155712127685547, -56.673545837402344]
665	[-37.618560791015625, -117.25341033935547]
666	[-20.24760627746582, -63.109066009521484]
667	[-36.755943298339844, -91.05096435546875]
668	[-6.512378692626953, -60.196372985839844]
669	[-23.707345962524414, -57.21131134033203]
670	[-34.81850814819336, -98.74864196777344]
671	[-25.160783767700195, -94.80896759033203]
672	[-42.58335494995117, -96.95353698730469]
673	[-42.651737213134766, -113.68716430664062]
674	[-29.00691032409668, -91.78672790527344]
675	[-41.68119430541992, -116.18645477294922]
676	[-34.036190032958984, -87.07628631591797]
677	[-35.7559928894043, -75.27263641357422]
678	[-19.51540756225586, -54.92552185058594]
679	[-24.853351593017578, -63.87508773803711]
680	[-26.078418731689453, -89.82815551757812]
681	[-35.350250244140625, -66.66572570800781]
682	[-10.212793350219727, -45.96142578125]
683	[-17.24553680419922, -64.5158462524414]
684	[-46.21528625488281, -104.50827026367188]
685	[-25.74359703063965, -60.481658935546875]
686	[-25.213802337646484, -81.70599365234375]
687	[-23.274349212646484, -52.668190002441406]
688	[-22.92806625366211, -69.72847747802734]
689	[-25.358671188354492, -66.12381744384766]
690	[-18.157367706298828, -48.17940902709961]
691	[-29.403114318847656, -68.28353881835938]
692	[-56.88117218017578, -119.36516571044922]
693	[-13.063207626342773, -48.18144607543945]
694	[-25.793155670166016, -56.106163024902344]
695	[-25.673011779785156, -64.31390380859375]
696	[-19.295543670654297, -56.76035690307617]
697	[-21.26205825805664, -54.67498016357422]
698	[-28.664886474609375, -85.48348999023438]
699	[-19.759010314941406, -62.450496673583984]
700	[-21.113269805908203, -68.30070495605469]
701	[-16.71860694885254, -49.399898529052734]
702	[-46.5657958984375, -109.41905212402344]
703	[-30.133014678955078, -65.11542510986328]
704	[-20.919776916503906, -50.375877380371094]
705	[-11.673404693603516, -36.489871978759766]
706	[-9.815671920776367, -34.42174530029297]
707	[-12.904122352600098, -34.43350601196289]
708	[-25.94015121459961, -74.66130065917969]
709	[-14.98128604888916, -74.02906036376953]
710	[-18.911386489868164, -60.90973663330078]
711	[-17.14845085144043, -65.78192138671875]
712	[-14.750032424926758, -65.60877227783203]
713	[-34.27671432495117, -93.56202697753906]
714	[-24.993892669677734, -52.456790924072266]
715	[-23.39564323425293, -50.98200225830078]
716	[-20.789209365844727, -49.48557662963867]
717	[-37.958351135253906, -77.24453735351562]
718	[-29.607418060302734, -62.90941619873047]
719	[-25.25756072998047, -58.83173751831055]
720	[-21.935226440429688, -57.73440170288086]
721	[-25.99968147277832, -50.206390380859375]
722	[-21.098865509033203, -48.74822235107422]
723	[-19.578866958618164, -45.14414978027344]
724	[-25.579341888427734, -60.17097854614258]
725	[-26.315387725830078, -40.92302322387695]
726	[-23.089401245117188, -54.35408020019531]
727	[-16.95845603942871, -49.83648681640625]
728	[-16.923498153686523, -48.41178894042969]
729	[-17.745647430419922, -54.383216857910156]
730	[-15.86928939819336, -39.19777297973633]
731	[-28.227386474609375, -63.310096740722656]
732	[-28.5383358001709, -78.92743682861328]
733	[-21.35643196105957, -63.547428131103516]
734	[-22.06992530822754, -72.46837615966797]
735	[-24.691516876220703, -59.85174560546875]
736	[-18.33203887939453, -44.598941802978516]
737	[-22.90862274169922, -59.79924392700195]
738	[-42.9399528503418, -105.66915130615234]
739	[-26.801572799682617, -97.57353210449219]
740	[-29.126434326171875, -65.37520599365234]
741	[-14.051776885986328, -64.1198501586914]
742	[-25.010042190551758, -80.65168762207031]
743	[-18.219602584838867, -57.682212829589844]
744	[-18.390228271484375, -51.30744171142578]
745	[-40.88377380371094, -87.45550537109375]
746	[-25.861919403076172, -82.52091217041016]
747	[-12.976724624633789, -43.367431640625]
748	[-17.711755752563477, -58.048828125]
749	[-25.326862335205078, -65.01880645751953]
750	[-16.044275283813477, -57.17118835449219]
751	[-16.119535446166992, -56.367679595947266]
752	[-20.297157287597656, -64.8685531616211]
753	[-19.867341995239258, -64.26203918457031]
754	[-35.86247253417969, -106.974609375]
755	[-15.465049743652344, -40.557071685791016]
756	[-34.87443542480469, -87.96255493164062]
757	[-51.734283447265625, -144.799560546875]
758	[-30.900327682495117, -124.71424865722656]
759	[-40.75583267211914, -89.59014129638672]
760	[-36.77222442626953, -102.88764190673828]
761	[-21.427417755126953, -66.1191635131836]
762	[-42.22520065307617, -129.4678192138672]
763	[-35.387840270996094, -116.25723266601562]
764	[-31.791078567504883, -86.7243423461914]
765	[-42.4140739440918, -139.8922576904297]
766	[-32.54043960571289, -121.30419158935547]
767	[-13.984176635742188, -54.698646545410156]
768	[-32.97626495361328, -89.46587371826172]
769	[-18.86052703857422, -64.02716064453125]
770	[-40.333839416503906, -141.9959259033203]
771	[-33.44886779785156, -87.72200012207031]
772	[-31.59566879272461, -65.48299407958984]
773	[-18.63721466064453, -47.982933044433594]
774	[-33.83856201171875, -97.21858978271484]
775	[-55.239898681640625, -166.8759307861328]
776	[-28.774782180786133, -82.1856460571289]
777	[-36.96943283081055, -113.52367401123047]
778	[-28.791385650634766, -72.01126098632812]
779	[-32.309776306152344, -128.21670532226562]
780	[-34.15834426879883, -90.756591796875]
781	[-44.51713943481445, -103.10757446289062]
782	[-28.777629852294922, -68.47344970703125]
783	[-42.94878005981445, -113.27522277832031]
784	[-21.586700439453125, -72.1270523071289]
785	[-37.300201416015625, -122.85447692871094]
786	[-31.319351196289062, -73.39630126953125]
787	[-33.13336944580078, -108.5875244140625]
788	[-26.49837303161621, -55.60223388671875]
789	[-27.127704620361328, -95.59596252441406]
790	[-43.24138259887695, -109.19992065429688]
791	[-24.764495849609375, -49.66225814819336]
792	[-45.46586608886719, -125.83946228027344]
793	[-28.81800079345703, -55.4104118347168]
794	[-35.7796630859375, -106.85623168945312]
795	[-45.22990417480469, -97.17357635498047]
796	[-25.262989044189453, -71.92079162597656]
797	[-23.979921340942383, -73.48947143554688]
798	[-19.21856689453125, -56.36569595336914]
799	[-27.92380142211914, -71.21686553955078]
800	[-21.001720428466797, -56.97727966308594]
801	[-17.649364471435547, -37.12164306640625]
802	[-15.656418800354004, -38.884761810302734]
803	[-10.691614151000977, -29.895145416259766]
804	[-12.44437026977539, -37.26457595825195]
805	[-12.932112693786621, -37.2477912902832]
806	[-15.057819366455078, -43.26787567138672]
807	[-14.037636756896973, -34.065277099609375]
808	[-17.84333038330078, -38.473289489746094]
809	[-11.864937782287598, -22.566062927246094]
810	[-31.774442672729492, -52.655574798583984]
811	[-11.341577529907227, -48.637290954589844]
812	[-21.20452880859375, -53.16596984863281]
813	[-27.926265716552734, -54.64809036254883]
814	[-13.353279113769531, -43.280216217041016]
815	[-23.437788009643555, -61.84675216674805]
816	[-20.81291961669922, -67.91968536376953]
817	[-18.023189544677734, -64.0728988647461]
818	[-34.16496658325195, -65.07689666748047]
819	[-28.884546279907227, -62.16038131713867]
820	[-17.84356117248535, -63.19719314575195]
821	[-41.26552963256836, -85.11268615722656]
822	[-16.986059188842773, -56.757896423339844]
823	[-37.08311080932617, -125.25611877441406]
824	[-29.110563278198242, -63.550392150878906]
825	[-24.105785369873047, -56.933570861816406]
826	[-31.148223876953125, -76.6318588256836]
827	[-26.66122055053711, -70.11138916015625]
828	[-24.49659538269043, -55.6149787902832]
829	[-41.09882736206055, -107.0903091430664]
830	[-13.340476036071777, -32.66083908081055]
831	[-25.9299259185791, -52.766197204589844]
832	[-21.82933235168457, -64.98248291015625]
833	[-43.98623275756836, -112.52867889404297]
834	[-21.73854637145996, -62.18227005004883]
835	[-28.88136100769043, -53.302696228027344]
836	[-36.78481674194336, -70.51311492919922]
837	[-42.790992736816406, -84.95211791992188]
838	[-29.33060646057129, -58.048248291015625]
839	[-25.799468994140625, -59.022560119628906]
840	[-20.69842529296875, -51.27199935913086]
841	[-13.315457344055176, -47.4144401550293]
842	[-21.842344284057617, -62.60389709472656]
843	[-33.292179107666016, -82.71414947509766]
844	[-47.093143463134766, -101.75916290283203]
845	[-19.643674850463867, -50.36649703979492]
846	[-33.57777786254883, -104.39402770996094]
847	[-19.13094139099121, -45.841346740722656]
848	[-11.724254608154297, -62.7465705871582]
849	[-25.28626823425293, -45.962913513183594]
850	[-9.313173294067383, -40.35946273803711]
851	[-17.4196834564209, -38.91618347167969]
852	[-13.74339771270752, -42.98310470581055]
853	[-19.061540603637695, -49.560386657714844]
854	[-16.225940704345703, -64.98152160644531]
855	[-51.88589096069336, -101.2085952758789]
856	[-14.632585525512695, -62.43351745605469]
857	[-17.809192657470703, -39.115543365478516]
858	[-28.5380859375, -59.54051208496094]
859	[-15.00994873046875, -21.015708923339844]
860	[-9.582588195800781, -44.40666961669922]
861	[-23.667619705200195, -45.901268005371094]
862	[-15.51343822479248, -38.221595764160156]
863	[-12.809553146362305, -50.6631965637207]
864	[-40.31538009643555, -76.82728576660156]
865	[-18.486732482910156, -46.85732650756836]
866	[-13.691306114196777, -32.67009735107422]
867	[-34.25743103027344, -61.959312438964844]
868	[-15.654962539672852, -44.74275588989258]
869	[-11.145188331604004, -31.367565155029297]
870	[-9.003939628601074, -54.778839111328125]
871	[-17.72353172302246, -43.89764404296875]
872	[-36.196311950683594, -73.99579620361328]
873	[-14.020600318908691, -37.90605926513672]
874	[-9.708772659301758, -46.66094207763672]
875	[-35.25585174560547, -65.41912841796875]
876	[-17.056278228759766, -40.4066276550293]
877	[-32.71184539794922, -72.38290405273438]
878	[-15.445028305053711, -55.694698333740234]
879	[-26.489351272583008, -75.7833480834961]
880	[-27.6686954498291, -62.37623977661133]
881	[-16.317529678344727, -48.928932189941406]
882	[-11.724509239196777, -36.01667785644531]
883	[-25.42972183227539, -57.87316131591797]
884	[-13.238239288330078, -34.110313415527344]
885	[-14.829984664916992, -42.606842041015625]
886	[-40.611854553222656, -73.86177062988281]
887	[-17.214460372924805, -67.08611297607422]
888	[-16.280588150024414, -43.19168472290039]
889	[-37.404380798339844, -99.75784301757812]
890	[-12.802934646606445, -45.193729400634766]
891	[-9.9683837890625, -34.051048278808594]
892	[-21.444250106811523, -73.74786376953125]
893	[-16.47157859802246, -35.06460189819336]
894	[-22.98016929626465, -43.440773010253906]
895	[-21.128257751464844, -56.952552795410156]
896	[-28.760910034179688, -71.46192932128906]
897	[-20.301477432250977, -59.40929412841797]
898	[-31.377971649169922, -72.213623046875]
899	[-31.62303924560547, -77.94833374023438]
900	[-36.751007080078125, -95.58230590820312]
901	[-16.11363983154297, -61.2647705078125]
902	[-16.04433250427246, -65.71144104003906]
903	[-42.93915557861328, -88.0605697631836]
904	[-23.25955581665039, -73.46492767333984]
905	[-20.397422790527344, -71.31927490234375]
906	[-33.34250259399414, -76.46099853515625]
907	[-26.899139404296875, -68.92488861083984]
908	[-28.16465950012207, -79.54222869873047]
909	[-31.351722717285156, -71.53125]
910	[-32.231956481933594, -71.41273498535156]
911	[-17.204265594482422, -48.18782424926758]
912	[-27.509687423706055, -62.33528137207031]
913	[-24.001480102539062, -61.5999870300293]
914	[-52.34123992919922, -98.30464935302734]
915	[-35.55770492553711, -95.56800842285156]
916	[-29.217025756835938, -78.11614227294922]
917	[-26.06316375732422, -75.79182434082031]
918	[-17.79844856262207, -59.799339294433594]
919	[-37.322078704833984, -83.44525909423828]
920	[-28.073625564575195, -74.7689437866211]
921	[-35.990333557128906, -126.56743621826172]
922	[-24.218425750732422, -71.1486587524414]
923	[-22.054237365722656, -55.43330383300781]
924	[-26.21728515625, -58.84918212890625]
925	[-21.373878479003906, -49.2229118347168]
926	[-49.88962936401367, -107.3761215209961]
927	[-22.182003021240234, -56.416343688964844]
928	[-30.421958923339844, -81.21875]
929	[-18.63231658935547, -58.89442443847656]
930	[-25.679841995239258, -63.86778259277344]
931	[-20.39474105834961, -52.93275833129883]
932	[-26.37208366394043, -57.42842102050781]
933	[-17.29441261291504, -54.59653091430664]
934	[-28.90739631652832, -71.45915985107422]
935	[-42.02033233642578, -81.38245391845703]
936	[-21.17721176147461, -50.85104751586914]
937	[-21.84436798095703, -58.13947296142578]
938	[-38.25322341918945, -74.04208374023438]
939	[-29.774600982666016, -62.431671142578125]
940	[-25.701784133911133, -68.7449722290039]
941	[-16.15621566772461, -56.87477493286133]
942	[-28.453506469726562, -82.62578582763672]
943	[-11.54030704498291, -42.83573532104492]
944	[-17.1700439453125, -45.593048095703125]
945	[-27.622295379638672, -64.95411682128906]
946	[-27.681591033935547, -58.94435501098633]
947	[-18.28736114501953, -55.72949981689453]
948	[-28.184677124023438, -78.56196594238281]
949	[-24.29046058654785, -57.498451232910156]
950	[-16.490291595458984, -54.13324737548828]
951	[-26.958242416381836, -76.49524688720703]
952	[-9.666348457336426, -54.24343490600586]
953	[-23.305265426635742, -77.83816528320312]
954	[-27.436059951782227, -72.60357666015625]
955	[-32.4322624206543, -91.62742614746094]
956	[-17.81903648376465, -59.74006652832031]
957	[-14.566017150878906, -44.014774322509766]
958	[-17.77924156188965, -51.553199768066406]
959	[-19.092357635498047, -48.29138946533203]
960	[-40.76356506347656, -98.10670471191406]
961	[-18.691871643066406, -50.970481872558594]
962	[-32.09236145019531, -98.55538940429688]
963	[-18.53809356689453, -54.04341506958008]
964	[-28.736000061035156, -81.06802368164062]
965	[-16.62265396118164, -59.074134826660156]
966	[-25.212482452392578, -76.30162811279297]
967	[-21.437976837158203, -68.73017883300781]
968	[-33.254981994628906, -92.01954650878906]
969	[-11.658171653747559, -43.02811813354492]
970	[-31.838228225708008, -90.6180419921875]
971	[-12.306262969970703, -36.7963752746582]
972	[-23.798349380493164, -43.44102478027344]
973	[-12.799284934997559, -34.590816497802734]
974	[-20.70182228088379, -61.68665313720703]
975	[-31.58788299560547, -81.70718383789062]
976	[-23.637290954589844, -66.27052307128906]
977	[-36.16435623168945, -98.47290802001953]
978	[-20.482969284057617, -54.303707122802734]
979	[-14.113301277160645, -42.37025451660156]
980	[-12.086509704589844, -42.533042907714844]
981	[-33.28365707397461, -87.51506805419922]
982	[-26.776260375976562, -66.10586547851562]
983	[-32.220375061035156, -78.21125793457031]
984	[-9.24063777923584, -27.77032470703125]
985	[-13.0941801071167, -41.16816711425781]
986	[-30.258447647094727, -96.35000610351562]
987	[-21.33820152282715, -63.620521545410156]
988	[-15.530887603759766, -51.77458190917969]
989	[-18.852407455444336, -42.729068756103516]
990	[-16.113597869873047, -39.851436614990234]
991	[-22.9948787689209, -61.22442626953125]
992	[-23.999168395996094, -67.62776184082031]
993	[-14.14460277557373, -44.538902282714844]
994	[-33.06095504760742, -72.83582305908203]
995	[-31.348087310791016, -69.0557632446289]
996	[-14.7128267288208, -37.79609680175781]
997	[-15.901132583618164, -31.002605438232422]
998	[-22.4722843170166, -43.8160285949707]
999	[-15.804469108581543, -48.6002197265625]
1000	[-30.852571487426758, -74.50239562988281]
1001	[-16.906753540039062, -40.51213836669922]
1002	[-23.8237361907959, -45.656253814697266]
1003	[-23.77168846130371, -58.462318420410156]
1004	[-21.52092742919922, -54.75102615356445]
1005	[-15.93317985534668, -40.60675811767578]
1006	[-14.528491020202637, -48.33501434326172]
1007	[-22.302589416503906, -47.77382278442383]
1008	[-19.98072624206543, -52.167327880859375]
1009	[-14.562906265258789, -53.328643798828125]
1010	[-15.214029312133789, -49.89286804199219]
1011	[-27.20372200012207, -50.010623931884766]
1012	[-45.003379821777344, -85.96310424804688]
1013	[-22.767597198486328, -46.805850982666016]
1014	[-30.943613052368164, -67.11572265625]
1015	[-18.77062225341797, -46.87015151977539]
1016	[-33.290733337402344, -79.82279205322266]
1017	[-25.602684020996094, -86.12265014648438]
1018	[-43.863956451416016, -135.00955200195312]
1019	[-28.55373191833496, -87.03665161132812]
1020	[-32.39748001098633, -92.22227478027344]
1021	[-16.620189666748047, -44.021400451660156]
1022	[-24.92647933959961, -61.56932067871094]
1023	[-16.568424224853516, -59.61124801635742]
1024	[-26.05355453491211, -76.63243103027344]
1025	[-17.989891052246094, -51.62898254394531]
1026	[-25.21125602722168, -56.97052764892578]
1027	[-25.285615921020508, -56.3087272644043]
1028	[-18.084304809570312, -47.01166534423828]
1029	[-28.691299438476562, -86.97659301757812]
1030	[-19.957435607910156, -73.48257446289062]
1031	[-26.592166900634766, -67.92188262939453]
1032	[-27.677385330200195, -68.64601135253906]
1033	[-22.057147979736328, -69.75204467773438]
1034	[-34.26336669921875, -76.44519805908203]
1035	[-44.45755386352539, -115.48438262939453]
1036	[-20.824710845947266, -65.88459014892578]
1037	[-15.540887832641602, -47.21090316772461]
1038	[-9.718503952026367, -43.999759674072266]
1039	[-12.85951042175293, -55.77091598510742]
1040	[-28.013280868530273, -77.56781005859375]
1041	[-25.082216262817383, -68.5250244140625]
1042	[-33.36827087402344, -67.22774505615234]
1043	[-17.092458724975586, -52.45901870727539]
1044	[-16.339271545410156, -38.36502456665039]
1045	[-24.915771484375, -66.2305908203125]
1046	[-28.291343688964844, -70.4345474243164]
1047	[-13.15325927734375, -41.429439544677734]
1048	[-10.121393203735352, -38.849239349365234]
1049	[-14.144214630126953, -44.52494430541992]
1050	[-18.16162872314453, -62.30635452270508]
1051	[-14.210926055908203, -48.33810043334961]
1052	[-11.619668960571289, -38.56719970703125]
1053	[-29.439367294311523, -68.71646118164062]
1054	[-29.03014373779297, -68.8775863647461]
1055	[-20.942604064941406, -58.52179718017578]
1056	[-26.811241149902344, -108.35900115966797]
1057	[-26.5269775390625, -63.01021194458008]
1058	[-15.502579689025879, -44.198211669921875]
1059	[-13.833568572998047, -44.50717544555664]
1060	[-22.70558738708496, -63.95887756347656]
1061	[-32.838096618652344, -71.90748596191406]
1062	[-19.15115737915039, -31.014301300048828]
1063	[-18.390430450439453, -37.91913986206055]
1064	[-26.419130325317383, -60.12781524658203]
1065	[-21.96178436279297, -37.05079650878906]
1066	[-29.459333419799805, -57.264129638671875]
1067	[-22.444459915161133, -41.46817398071289]
1068	[-21.420469284057617, -55.97045135498047]
1069	[-25.00655174255371, -74.45873260498047]
1070	[-21.647335052490234, -62.08991622924805]
1071	[-23.485122680664062, -64.60768127441406]
1072	[-30.851242065429688, -66.6556167602539]
1073	[-25.736726760864258, -56.29820251464844]
1074	[-23.73447608947754, -59.9238395690918]
1075	[-19.304874420166016, -39.82767105102539]
1076	[-16.6766357421875, -39.19880294799805]
1077	[-25.22527503967285, -63.23228454589844]
1078	[-26.88083839416504, -48.908599853515625]
1079	[-15.161333084106445, -37.04594421386719]
1080	[-12.25416088104248, -26.25269889831543]
1081	[-16.608158111572266, -26.473119735717773]
1082	[-19.185260772705078, -35.24946594238281]
1083	[-15.753422737121582, -33.7064323425293]
1084	[-30.45890235900879, -62.522891998291016]
1085	[-13.812055587768555, -33.13311767578125]
1086	[-25.984851837158203, -44.62495040893555]
1087	[-19.67328643798828, -40.514183044433594]
1088	[-20.587547302246094, -45.87430191040039]
1089	[-28.08919334411621, -75.61560821533203]
1090	[-21.58738136291504, -47.24728775024414]
1091	[-28.87393569946289, -65.44190216064453]
1092	[-23.096826553344727, -40.17934036254883]
1093	[-22.190061569213867, -44.89658737182617]
1094	[-26.498388290405273, -81.29592895507812]
1095	[-21.033239364624023, -48.8394660949707]
1096	[-17.039844512939453, -30.8245849609375]
1097	[-20.497896194458008, -43.214744567871094]
1098	[-12.744139671325684, -36.76724624633789]
1099	[-23.2004337310791, -53.341575622558594]
1100	[-24.006181716918945, -46.959075927734375]
1101	[-13.140006065368652, -33.883758544921875]
1102	[-15.051908493041992, -39.91762161254883]
1103	[-21.53475570678711, -68.48674774169922]
1104	[-26.675743103027344, -55.447471618652344]
1105	[-27.060596466064453, -64.1652603149414]
1106	[-17.22101593017578, -55.28788375854492]
1107	[-27.98972511291504, -59.98047637939453]
1108	[-30.249954223632812, -92.7847900390625]
1109	[-13.856602668762207, -47.07197570800781]
1110	[-11.695536613464355, -46.31633758544922]
1111	[-18.166879653930664, -51.206729888916016]
1112	[-27.293394088745117, -65.84930419921875]
1113	[-41.86818313598633, -85.37654113769531]
1114	[-25.651172637939453, -64.21299743652344]
1115	[-27.512235641479492, -53.82059860229492]
1116	[-28.172821044921875, -92.92031860351562]
1117	[-22.23823356628418, -56.593894958496094]
1118	[-16.748525619506836, -49.47372055053711]
1119	[-16.565702438354492, -48.80735778808594]
1120	[-6.579661846160889, -33.979766845703125]
1121	[-23.38746452331543, -44.18645477294922]
1122	[-16.940431594848633, -53.30946731567383]
1123	[-18.9388484954834, -55.63900375366211]
1124	[-26.67494773864746, -76.69583129882812]
1125	[-25.42097282409668, -82.84130859375]
1126	[-20.058137893676758, -64.50248718261719]
1127	[-18.176050186157227, -60.15629196166992]
1128	[-40.45884704589844, -90.04056549072266]
1129	[-24.78680419921875, -114.32591247558594]
1130	[-71.39476776123047, -193.86341857910156]
1131	[-27.354312896728516, -80.85614013671875]
1132	[-23.298011779785156, -71.55230712890625]
1133	[-36.53317642211914, -78.47676849365234]
1134	[-32.02572250366211, -74.32982635498047]
1135	[-22.200824737548828, -76.22330474853516]
1136	[-25.377954483032227, -91.47254180908203]
1137	[-40.650787353515625, -121.13096618652344]
1138	[-47.175872802734375, -129.51058959960938]
1139	[-26.7501163482666, -90.36534118652344]
1140	[-24.0126953125, -71.6259994506836]
1141	[-46.96721649169922, -119.40229797363281]
1142	[-32.841896057128906, -97.6913833618164]
1143	[-29.355443954467773, -83.93922424316406]
1144	[-23.37775230407715, -81.245361328125]
1145	[-19.517000198364258, -63.633460998535156]
1146	[-22.238719940185547, -95.81314849853516]
1147	[-23.97060203552246, -64.5037841796875]
1148	[-34.87068557739258, -90.07572937011719]
1149	[-35.65395736694336, -95.44727325439453]
1150	[-26.851314544677734, -102.46334838867188]
1151	[-41.721710205078125, -117.1153793334961]
1152	[-12.03801441192627, -61.21977996826172]
1153	[-19.65644073486328, -66.13404846191406]
1154	[-26.033281326293945, -49.69797134399414]
1155	[-45.828948974609375, -86.37130737304688]
1156	[-12.980144500732422, -45.90158462524414]
1157	[-17.088830947875977, -46.21348571777344]
1158	[-14.863029479980469, -39.77977752685547]
1159	[-17.063552856445312, -42.78427505493164]
1160	[-21.164188385009766, -46.40495681762695]
1161	[-25.741714477539062, -49.85153579711914]
1162	[-25.6678524017334, -61.598880767822266]
1163	[-13.96163272857666, -44.135440826416016]
1164	[-21.095609664916992, -54.12326431274414]
1165	[-31.393573760986328, -54.43153381347656]
1166	[-19.396194458007812, -52.71928405761719]
1167	[-20.525142669677734, -53.64883041381836]
1168	[-29.011417388916016, -98.2507095336914]
1169	[-18.41022491455078, -67.8456039428711]
1170	[-20.13959312438965, -69.96162414550781]
1171	[-24.245159149169922, -58.71050262451172]
1172	[-14.21307373046875, -39.608314514160156]
1173	[-34.8201904296875, -76.09066009521484]
1174	[-28.736919403076172, -62.514564514160156]
1175	[-27.95513153076172, -68.0486068725586]
1176	[-14.748868942260742, -62.52703857421875]
1177	[-23.1121883392334, -58.6454963684082]
1178	[-56.614471435546875, -135.97032165527344]
1179	[-19.5869197845459, -57.09785461425781]
1180	[-20.034440994262695, -58.834075927734375]
1181	[-18.010543823242188, -42.961788177490234]
1182	[-15.180160522460938, -40.7467041015625]
1183	[-30.424640655517578, -81.77885437011719]
1184	[-20.12417221069336, -56.63846969604492]
1185	[-22.532733917236328, -77.09629821777344]
1186	[-16.10783576965332, -59.0345458984375]
1187	[-28.522720336914062, -66.13836669921875]
1188	[-22.331724166870117, -75.10069274902344]
1189	[-38.62601089477539, -121.71571350097656]
1190	[-24.2376651763916, -78.33258056640625]
1191	[-18.844621658325195, -52.03143310546875]
1192	[-25.04279136657715, -59.28657913208008]
1193	[-27.803199768066406, -69.43574523925781]
1194	[-18.6395206451416, -56.3133430480957]
1195	[-25.23529815673828, -73.84037017822266]
1196	[-20.635414123535156, -56.96983337402344]
1197	[-34.41676330566406, -90.12696075439453]
1198	[-28.637840270996094, -80.22222900390625]
1199	[-27.73405647277832, -65.01627349853516]
1200	[-30.377506256103516, -121.60052490234375]
1201	[-21.363155364990234, -65.06265258789062]
1202	[-44.41877365112305, -118.44518280029297]
1203	[-13.885431289672852, -74.93781280517578]
1204	[-27.629554748535156, -85.10911560058594]
1205	[-25.294082641601562, -67.39752960205078]
1206	[-30.343185424804688, -74.06360626220703]
1207	[-34.65732955932617, -85.1072998046875]
1208	[-22.74789047241211, -58.363677978515625]
1209	[-34.66960525512695, -91.93321228027344]
1210	[-25.009885787963867, -68.31989288330078]
1211	[-13.625048637390137, -37.10174560546875]
1212	[-22.604923248291016, -47.05561447143555]
1213	[-22.218347549438477, -66.48617553710938]
1214	[-15.924991607666016, -50.56193161010742]
1215	[-14.792861938476562, -46.11277389526367]
1216	[-16.465410232543945, -48.677589416503906]
1217	[-24.862279891967773, -70.16763305664062]
1218	[-17.261289596557617, -72.8459701538086]
1219	[-19.24918556213379, -50.698020935058594]
1220	[-10.761397361755371, -54.61500930786133]
1221	[-32.4822998046875, -96.66943359375]
1222	[-20.219757080078125, -59.83097839355469]
1223	[-13.175403594970703, -37.68537139892578]
1224	[-15.716511726379395, -56.12128448486328]
1225	[-13.631914138793945, -45.0253791809082]
1226	[-16.37946128845215, -37.83051300048828]
1227	[-14.913476943969727, -49.70825958251953]
1228	[-38.811893463134766, -65.39334106445312]
1229	[-14.987931251525879, -41.3096923828125]
1230	[-20.977285385131836, -40.62506103515625]
1231	[-26.733779907226562, -53.47630310058594]
1232	[-17.817768096923828, -59.025177001953125]
1233	[-28.409873962402344, -65.07730865478516]
1234	[-24.223846435546875, -59.1446647644043]
1235	[-25.2757568359375, -67.43937683105469]
1236	[-20.58698272705078, -49.37434387207031]
1237	[-25.38043975830078, -58.78952407836914]
1238	[-21.424917221069336, -55.92760467529297]
1239	[-24.22740936279297, -62.84076690673828]
1240	[-29.167238235473633, -65.99639129638672]
1241	[-16.495882034301758, -41.93132400512695]
1242	[-34.06377029418945, -71.05281066894531]
1243	[-29.99144744873047, -85.07357788085938]
1244	[-20.355003356933594, -43.40495300292969]
1245	[-37.99361801147461, -85.18842315673828]
1246	[-15.526866912841797, -37.47780990600586]
1247	[-24.441478729248047, -54.01679229736328]
1248	[-21.9233341217041, -79.0233383178711]
1249	[-21.68537139892578, -65.13721466064453]
1250	[-19.04347038269043, -61.98751449584961]
1251	[-16.009090423583984, -36.947181701660156]
1252	[-24.17253875732422, -64.92753601074219]
1253	[-27.729726791381836, -70.84327697753906]
1254	[-11.911941528320312, -48.34281539916992]
1255	[-21.731277465820312, -50.34603500366211]
1256	[-41.40345001220703, -106.53955078125]
1257	[-18.38762664794922, -53.841468811035156]
1258	[-27.93755531311035, -50.28578186035156]
1259	[-26.850826263427734, -58.842201232910156]
1260	[-27.39908790588379, -63.934974670410156]
1261	[-24.580289840698242, -76.6391830444336]
1262	[-29.857501983642578, -86.15782928466797]
1263	[-25.177051544189453, -91.41015625]
1264	[-21.808116912841797, -70.0282974243164]
1265	[-19.099964141845703, -63.25006866455078]
1266	[-22.716882705688477, -63.65245819091797]
1267	[-30.286861419677734, -67.11713409423828]
1268	[-29.24532127380371, -91.06666564941406]
1269	[-27.646589279174805, -90.67103576660156]
1270	[-21.95002555847168, -72.87956237792969]
1271	[-25.54368782043457, -61.03553009033203]
1272	[-14.98198127746582, -40.80439758300781]
1273	[-22.568828582763672, -40.213470458984375]
1274	[-43.177734375, -129.2292938232422]
1275	[-26.020156860351562, -91.10679626464844]
1276	[-24.702301025390625, -66.65149688720703]
1277	[-26.15981101989746, -71.36080932617188]
1278	[-32.60542678833008, -69.47383880615234]
1279	[-30.46700096130371, -68.79885864257812]
1280	[-19.620952606201172, -66.1991195678711]
1281	[-13.888086318969727, -49.65256118774414]
1282	[-46.274234771728516, -122.8406982421875]
1283	[-32.224998474121094, -104.76702880859375]
1284	[-25.650705337524414, -122.89698791503906]
1285	[-19.64940643310547, -59.558223724365234]
1286	[-32.6318244934082, -67.29953002929688]
1287	[-23.534461975097656, -56.272926330566406]
1288	[-30.457109451293945, -70.28983306884766]
1289	[-13.094921112060547, -46.75697326660156]
1290	[-46.31650161743164, -127.33627319335938]
1291	[-27.58639907836914, -90.88054656982422]
1292	[-35.97405242919922, -94.28480529785156]
1293	[-38.13394546508789, -82.67253112792969]
1294	[-26.326824188232422, -65.13102722167969]
1295	[-27.970155715942383, -97.53984832763672]
1296	[-16.60660171508789, -46.19422149658203]
1297	[-19.19660758972168, -64.25423431396484]
1298	[-20.33817481994629, -60.410911560058594]
1299	[-27.040931701660156, -70.44963073730469]
1300	[-29.65043067932129, -63.848052978515625]
1301	[-21.867389678955078, -52.58578872680664]
1302	[-37.683929443359375, -106.99866485595703]
1303	[-42.020755767822266, -117.84099578857422]
1304	[-25.986923217773438, -88.69732666015625]
1305	[-23.959556579589844, -79.30073547363281]
1306	[-22.900972366333008, -43.36820983886719]
1307	[-37.877864837646484, -77.01620483398438]
1308	[-40.42914962768555, -86.45088958740234]
1309	[-26.16398811340332, -48.67549514770508]
1310	[-23.243562698364258, -71.35844421386719]
1311	[-19.866533279418945, -56.54790115356445]
1312	[-34.12367630004883, -88.90312957763672]
1313	[-42.31987762451172, -108.4962387084961]
1314	[-22.992958068847656, -85.71231079101562]
1315	[-18.81475067138672, -71.84642028808594]
1316	[-22.099695205688477, -54.5190544128418]
1317	[-22.67022132873535, -50.22838592529297]
1318	[-16.752098083496094, -40.00059509277344]
1319	[-37.109413146972656, -108.48623657226562]
1320	[-27.875837326049805, -106.05238342285156]
1321	[-21.800018310546875, -59.78604507446289]
1322	[-15.056501388549805, -39.444061279296875]
1323	[-16.91536521911621, -39.749366760253906]
1324	[-34.395225524902344, -86.92744445800781]
1325	[-29.947036743164062, -98.77025604248047]
1326	[-33.65055465698242, -62.67642593383789]
1327	[-41.086795806884766, -82.38085174560547]
1328	[-21.85990333557129, -57.087501525878906]
1329	[-19.17203140258789, -80.79347229003906]
1330	[-29.41913604736328, -110.73291778564453]
1331	[-52.74896240234375, -141.79388427734375]
1332	[-15.864299774169922, -39.214813232421875]
1333	[-3.8122925758361816, -44.92711639404297]
1334	[-19.008474349975586, -49.53131103515625]
1335	[-32.31543731689453, -89.97418212890625]
1336	[-19.88494300842285, -58.08712387084961]
1337	[-11.3914794921875, -37.44633102416992]
1338	[-22.98369598388672, -75.30097198486328]
1339	[-27.823402404785156, -63.10865783691406]
1340	[-31.458280563354492, -100.8985366821289]
1341	[-34.17405319213867, -75.21685791015625]
1342	[-22.97984504699707, -107.05255126953125]
1343	[-54.90727615356445, -102.77281188964844]
1344	[-26.309785842895508, -62.4430046081543]
1345	[-13.012588500976562, -38.90837860107422]
1346	[-15.743998527526855, -49.10353469848633]
1347	[-23.524778366088867, -59.424041748046875]
1348	[-18.562469482421875, -76.40494537353516]
1349	[-21.60249137878418, -63.70490264892578]
1350	[-58.874755859375, -150.0702667236328]
1351	[-14.822677612304688, -46.40880584716797]
1352	[-22.857418060302734, -59.565975189208984]
1353	[-12.138240814208984, -61.7892951965332]
1354	[-24.7956600189209, -56.449562072753906]
1355	[-24.862838745117188, -94.62736511230469]
1356	[-15.739517211914062, -49.098018646240234]
1357	[-19.384986877441406, -54.65530776977539]
1358	[-21.969633102416992, -53.141319274902344]
1359	[-18.614131927490234, -60.68362808227539]
1360	[-19.831745147705078, -44.34406280517578]
1361	[-48.79850769042969, -100.72305297851562]
1362	[-32.074851989746094, -75.09352111816406]
1363	[-23.767681121826172, -55.401248931884766]
1364	[-22.920400619506836, -61.43539047241211]
1365	[-39.97747802734375, -94.59973907470703]
1366	[-19.566387176513672, -53.22206115722656]
1367	[-32.49559020996094, -75.9122543334961]
1368	[-26.269168853759766, -78.08033752441406]
1369	[-13.370460510253906, -48.978424072265625]
1370	[-10.709604263305664, -38.75956726074219]
1371	[-33.39502716064453, -95.70747375488281]
1372	[-20.58408546447754, -50.964359283447266]
1373	[-23.914390563964844, -42.76905059814453]
1374	[-40.46377944946289, -118.07211303710938]
1375	[-42.2060546875, -78.25350952148438]
1376	[-29.1102294921875, -76.81262969970703]
1377	[-23.875274658203125, -84.43810272216797]
1378	[-35.426876068115234, -58.28715515136719]
1379	[-19.6174259185791, -43.107242584228516]
1380	[-16.68190574645996, -43.95206069946289]
1381	[-35.20464324951172, -88.9601058959961]
1382	[-33.187137603759766, -81.8006362915039]
1383	[-31.411788940429688, -67.82717895507812]
1384	[-58.053863525390625, -144.0782928466797]
1385	[-24.248003005981445, -57.50986099243164]
1386	[-26.778289794921875, -99.88937377929688]
1387	[-62.23760223388672, -157.7751007080078]
1388	[-20.564279556274414, -52.95219421386719]
1389	[-37.757720947265625, -81.31148529052734]
1390	[-40.7759895324707, -82.33396911621094]
1391	[-11.099241256713867, -44.046417236328125]
1392	[-20.235809326171875, -66.54264068603516]
1393	[-19.70731544494629, -48.17417526245117]
1394	[-29.404769897460938, -63.84478759765625]
1395	[-24.051054000854492, -54.03358840942383]
1396	[-36.06536865234375, -82.21198272705078]
1397	[-33.67315673828125, -70.52137756347656]
1398	[-17.162073135375977, -41.59760665893555]
1399	[-21.39382553100586, -65.0135498046875]
1400	[-25.372901916503906, -113.11152648925781]
1401	[-47.920928955078125, -112.12482452392578]
1402	[-51.683006286621094, -132.2799835205078]
1403	[-38.679386138916016, -75.854248046875]
1404	[-35.54763412475586, -113.90000915527344]
1405	[-27.0628604888916, -65.14794158935547]
1406	[-55.1240234375, -100.69284057617188]
1407	[-14.988165855407715, -59.370521545410156]
1408	[-24.317270278930664, -53.53617858886719]
1409	[-15.51904296875, -51.544464111328125]
1410	[-14.485971450805664, -42.36763000488281]
1411	[-20.343673706054688, -44.72026443481445]
1412	[-25.066802978515625, -51.498199462890625]
1413	[-27.051319122314453, -75.15928649902344]
1414	[-36.83246612548828, -97.72193908691406]
1415	[-48.61163330078125, -100.6130142211914]
1416	[-19.07756805419922, -51.442447662353516]
1417	[-38.36224365234375, -69.78068542480469]
1418	[-41.795650482177734, -124.3069839477539]
1419	[-35.64828109741211, -66.37139129638672]
1420	[-26.88391876220703, -93.73320007324219]
1421	[-50.688270568847656, -125.49427795410156]
1422	[-42.560752868652344, -79.0989990234375]
1423	[-29.548213958740234, -31.646240234375]
1424	[-12.204449653625488, -59.734764099121094]
1425	[-26.139116287231445, -57.52420425415039]
1426	[-60.81473922729492, -165.86642456054688]
1427	[-21.496074676513672, -54.66630554199219]
1428	[-18.5106143951416, -54.55967330932617]
1429	[-39.01931381225586, -110.50149536132812]
1430	[-34.04764175415039, -67.77345275878906]
1431	[-27.887928009033203, -47.547813415527344]
1432	[-42.420772552490234, -108.42969512939453]
1433	[-51.605796813964844, -94.26612854003906]
1434	[-13.334724426269531, -39.92221450805664]
1435	[-32.86211395263672, -83.03116607666016]
1436	[-47.026039123535156, -116.14849853515625]
1437	[-56.6950798034668, -79.43755340576172]
1438	[-15.530536651611328, -53.972869873046875]
1439	[-26.833757400512695, -88.11006927490234]
1440	[-34.619361877441406, -88.88055419921875]
1441	[-24.48770523071289, -63.80601119995117]
1442	[-36.02812957763672, -75.21996307373047]
1443	[-12.078225135803223, -41.80033874511719]
1444	[-22.605518341064453, -83.78776550292969]
1445	[-36.386016845703125, -61.523014068603516]
1446	[-38.8749885559082, -77.42253875732422]
1447	[-45.20539855957031, -139.38018798828125]
1448	[-26.872648239135742, -84.69038391113281]
1449	[-28.822479248046875, -54.5677490234375]
1450	[-14.464034080505371, -51.010196685791016]
1451	[-29.690380096435547, -45.27085494995117]
1452	[-34.27235794067383, -72.08069610595703]
1453	[-35.04648208618164, -56.04779815673828]
1454	[-38.32128143310547, -72.19068145751953]
1455	[-10.813386917114258, -34.43071365356445]
1456	[-16.52849578857422, -45.896514892578125]
1457	[-22.75541114807129, -63.14738464355469]
1458	[-18.6505069732666, -51.17856979370117]
1459	[-24.431072235107422, -56.59053039550781]
1460	[-19.899560928344727, -48.10649490356445]
1461	[-15.274982452392578, -46.28211975097656]
1462	[-18.586566925048828, -64.47579193115234]
1463	[-18.57359504699707, -45.429298400878906]
1464	[-14.28747844696045, -43.22308349609375]
1465	[-15.72867488861084, -40.313045501708984]
1466	[-20.364377975463867, -34.96763229370117]
1467	[-32.8282470703125, -64.11565399169922]
1468	[-25.628704071044922, -71.7968521118164]
1469	[-18.334684371948242, -56.776100158691406]
1470	[-13.792210578918457, -42.4179801940918]
1471	[-14.691986083984375, -54.39191436767578]
1472	[-35.29320526123047, -83.2134017944336]
1473	[-25.44961166381836, -77.06953430175781]
1474	[-39.27061080932617, -94.8712158203125]
1475	[-14.712404251098633, -60.6984748840332]
1476	[-40.78317642211914, -94.56934356689453]
1477	[-14.614933967590332, -38.32426452636719]
1478	[-31.46832275390625, -83.44721221923828]
1479	[-23.272159576416016, -64.6367416381836]
1480	[-25.78173065185547, -54.03995132446289]
1481	[-31.992883682250977, -59.06440353393555]
1482	[-32.09514617919922, -67.77450561523438]
1483	[-16.429283142089844, -50.006370544433594]
1484	[-22.653066635131836, -64.4896240234375]
1485	[-39.10205078125, -96.1860122680664]
1486	[-45.945640563964844, -87.94633483886719]
1487	[-22.022192001342773, -71.25679016113281]
1488	[-29.251171112060547, -89.0916976928711]
1489	[-35.39148712158203, -80.74967956542969]
1490	[-25.692346572875977, -79.5712661743164]
1491	[-28.352108001708984, -94.2132797241211]
1492	[-15.16197395324707, -48.58333206176758]
1493	[-38.59406280517578, -114.69058227539062]
1494	[-35.85602569580078, -83.35384368896484]
1495	[-36.23379135131836, -115.53585815429688]
1496	[-31.673133850097656, -72.39341735839844]
1497	[-28.131948471069336, -70.85971069335938]
1498	[-18.419551849365234, -61.379066467285156]
1499	[-16.40749740600586, -45.21269607543945]
1500	[-16.927099227905273, -50.463844299316406]
1501	[-25.175312042236328, -65.29313659667969]
1502	[-24.708171844482422, -65.76274108886719]
1503	[-33.50972366333008, -82.29405212402344]
1504	[-24.343048095703125, -56.57789993286133]
1505	[-30.319543838500977, -61.39402770996094]
1506	[-31.116832733154297, -90.74585723876953]
1507	[-29.67158317565918, -77.54146575927734]
1508	[-34.90336227416992, -109.11383056640625]
1509	[-35.5792121887207, -122.16865539550781]
1510	[-17.38256072998047, -63.98423385620117]
1511	[-22.17147445678711, -72.25640869140625]
1512	[-6.449912071228027, -54.89487075805664]
1513	[-37.32498550415039, -86.85813903808594]
1514	[-32.222843170166016, -71.13760375976562]
1515	[-28.19032096862793, -65.83845520019531]
1516	[-29.759305953979492, -90.75758361816406]
1517	[-24.919904708862305, -74.06715393066406]
1518	[-21.461559295654297, -68.67731475830078]
1519	[-44.255104064941406, -104.26856994628906]
1520	[-21.353376388549805, -60.25567626953125]
1521	[-15.175498962402344, -39.465396881103516]
1522	[-20.03483009338379, -47.379119873046875]
1523	[-25.077342987060547, -99.78739929199219]
1524	[-19.579330444335938, -67.82490539550781]
1525	[-31.570417404174805, -74.54769897460938]
1526	[-37.691158294677734, -80.5850830078125]
1527	[-30.64957046508789, -76.38999938964844]
1528	[-19.461483001708984, -59.72417449951172]
1529	[-22.87511444091797, -46.228118896484375]
1530	[-16.26629066467285, -46.02671432495117]
1531	[-15.425192832946777, -42.713558197021484]
1532	[-25.67283821105957, -46.782142639160156]
1533	[-32.0031852722168, -60.32344055175781]
1534	[-18.706727981567383, -48.300819396972656]
1535	[-25.207904815673828, -58.84147644042969]
1536	[-20.64106559753418, -45.34457015991211]
1537	[-23.398483276367188, -61.02416229248047]
1538	[-18.41192626953125, -41.42445373535156]
1539	[-27.818471908569336, -66.46824645996094]
1540	[-25.265840530395508, -83.7287826538086]
1541	[-14.258634567260742, -58.38838195800781]
1542	[-27.563159942626953, -76.97496795654297]
1543	[-60.3974609375, -85.19338989257812]
1544	[-38.49224090576172, -88.5396728515625]
1545	[-17.513120651245117, -50.94023513793945]
1546	[-26.244064331054688, -66.47235870361328]
1547	[-28.90412139892578, -68.21867370605469]
1548	[-60.778133392333984, -104.35562133789062]
1549	[-16.910972595214844, -60.876705169677734]
1550	[-13.989593505859375, -57.526302337646484]
1551	[-16.99557113647461, -61.38010025024414]
1552	[-25.636791229248047, -59.31069564819336]
1553	[-22.388050079345703, -51.66637420654297]
1554	[-39.288658142089844, -91.41767120361328]
1555	[-14.149410247802734, -52.58607482910156]
1556	[-27.010957717895508, -78.54946899414062]
1557	[-34.70264434814453, -85.23374938964844]
1558	[-29.288515090942383, -74.3297119140625]
1559	[-28.717979431152344, -78.81813049316406]
1560	[-30.357830047607422, -96.12821960449219]
1561	[-21.625890731811523, -41.944786071777344]
1562	[-25.46506118774414, -59.905799865722656]
1563	[-25.855815887451172, -83.30236053466797]
1564	[-26.404775619506836, -69.85758972167969]
1565	[-25.48723030090332, -45.20951461791992]
1566	[-18.022245407104492, -67.75872802734375]
1567	[-22.547861099243164, -59.74583435058594]
1568	[-17.626842498779297, -50.85232925415039]
1569	[-22.287105560302734, -55.45108413696289]
1570	[-19.004026412963867, -51.28295135498047]
1571	[-28.369340896606445, -70.54457092285156]
1572	[-31.237060546875, -71.90705108642578]
1573	[-29.32062530517578, -63.674598693847656]
1574	[-24.714082717895508, -53.79523849487305]
1575	[-14.901905059814453, -48.4488639831543]
1576	[-12.890105247497559, -46.185340881347656]
1577	[-31.71106719970703, -78.1358413696289]
1578	[-29.021820068359375, -67.93618774414062]
1579	[-18.870691299438477, -45.171382904052734]
1580	[-30.530010223388672, -65.16213989257812]
1581	[-24.60695457458496, -49.78026580810547]
1582	[-21.339492797851562, -72.03427124023438]
1583	[-22.67551040649414, -47.19253921508789]
1584	[-19.895854949951172, -56.250179290771484]
1585	[-24.433345794677734, -52.504966735839844]
1586	[-27.496950149536133, -60.29928207397461]
1587	[-25.39940071105957, -53.72773361206055]
1588	[-23.482709884643555, -44.23248291015625]
1589	[-27.90962791442871, -58.888973236083984]
