0	[3.2005252838134766, -17.452289581298828]
1	[1.9795823097229004, -24.142213821411133]
2	[0.25438475608825684, -19.67540168762207]
3	[3.419466495513916, -20.18628692626953]
4	[-1.5895041227340698, -23.136547088623047]
5	[1.8166403770446777, -22.63818359375]
6	[7.976131916046143, -27.613122940063477]
7	[2.9476816654205322, -24.294536590576172]
8	[4.1217756271362305, -17.4464111328125]
9	[2.2489705085754395, -16.651330947875977]
10	[1.2207427024841309, -19.601974487304688]
11	[8.943224906921387, -23.382862091064453]
12	[-1.5573415756225586, -15.787833213806152]
13	[-1.9797910451889038, -18.057024002075195]
14	[-2.213585376739502, -24.044191360473633]
15	[-0.2822611629962921, -26.399383544921875]
16	[-0.9445164203643799, -29.16886329650879]
17	[-2.8451061248779297, -24.88869857788086]
18	[1.4627809524536133, -18.871822357177734]
19	[5.13040828704834, -16.93951988220215]
20	[2.152851104736328, -24.177570343017578]
21	[2.241328716278076, -13.67381763458252]
22	[1.0254660844802856, -20.648794174194336]
23	[-0.46369433403015137, -16.016958236694336]
24	[-0.1949242651462555, -21.68790626525879]
25	[-7.465134620666504, -11.173067092895508]
26	[5.158686637878418, -21.320106506347656]
27	[0.9297561645507812, -14.859142303466797]
28	[2.0930135250091553, -18.014673233032227]
29	[6.760260581970215, -21.508235931396484]
30	[1.893198013305664, -24.9091739654541]
31	[0.5078896880149841, -13.007932662963867]
32	[4.683603286743164, -17.724699020385742]
33	[4.16092586517334, -19.03754234313965]
34	[-0.45142823457717896, -18.884563446044922]
35	[-4.463575839996338, -33.0917854309082]
36	[-11.537873268127441, -11.556695938110352]
37	[-8.028295516967773, -16.600915908813477]
38	[-8.123381614685059, -17.50791358947754]
39	[1.2171355485916138, -20.045595169067383]
40	[2.5902678966522217, -15.018916130065918]
41	[-3.1707067489624023, -15.297524452209473]
42	[-5.422738075256348, -8.852325439453125]
43	[-3.6423916816711426, -16.940317153930664]
44	[-0.5689240097999573, -18.093225479125977]
45	[1.3309684991836548, -11.172439575195312]
46	[2.0200774669647217, -24.02544403076172]
47	[-1.827226161956787, -20.67395782470703]
48	[4.690036773681641, -23.566213607788086]
49	[-1.4575061798095703, -10.107293128967285]
50	[-4.4695587158203125, -15.714847564697266]
51	[-6.421935558319092, -18.664941787719727]
52	[-1.2745554447174072, -27.090866088867188]
53	[-1.0926430225372314, -33.88337707519531]
54	[-0.8567832112312317, -28.048336029052734]
55	[3.320528507232666, -19.571327209472656]
56	[-2.714390277862549, -34.23057556152344]
57	[6.522897243499756, -61.43959426879883]
58	[-6.921914100646973, -25.319028854370117]
59	[-0.08919798582792282, -35.83063507080078]
60	[3.3548600673675537, -33.99729919433594]
61	[11.622087478637695, -27.414661407470703]
62	[2.358527421951294, -15.40957260131836]
63	[0.9019473195075989, -20.138099670410156]
64	[-1.8898435831069946, -27.144290924072266]
65	[2.2250258922576904, -44.5850715637207]
66	[-2.457512378692627, -30.411115646362305]
67	[3.5893750190734863, -25.30999755859375]
68	[-0.7014958262443542, -16.907943725585938]
69	[-1.8145264387130737, -18.940523147583008]
70	[-1.0073789358139038, -28.9801025390625]
71	[3.0251214504241943, -24.548763275146484]
72	[2.8433990478515625, -36.6701545715332]
73	[0.6805008053779602, -27.813474655151367]
74	[-5.312191009521484, -32.12310028076172]
75	[1.9055712223052979, -43.30023193359375]
76	[-4.33173942565918, -29.44599151611328]
77	[1.0278091430664062, -35.734676361083984]
78	[1.3458911180496216, -29.160554885864258]
79	[-3.5014519691467285, -23.154117584228516]
80	[7.9989118576049805, -34.17460250854492]
81	[-1.4792096614837646, -35.90401077270508]
82	[5.229387283325195, -25.451221466064453]
83	[3.778435707092285, -21.84093475341797]
84	[-3.2218165397644043, -33.332584381103516]
85	[-0.926483154296875, -20.26022720336914]
86	[1.1071386337280273, -25.18317222595215]
87	[-1.5525668859481812, -20.107938766479492]
88	[-2.076808214187622, -27.221311569213867]
89	[-3.4495432376861572, -20.070581436157227]
90	[1.855229377746582, -15.171529769897461]
91	[-5.590763568878174, -34.4429817199707]
92	[9.347871780395508, -25.736520767211914]
93	[-5.627429962158203, -38.483943939208984]
94	[-4.875626564025879, -19.996980667114258]
95	[0.8947086334228516, -21.929304122924805]
96	[-9.094584465026855, -28.467376708984375]
97	[5.532559394836426, -28.009119033813477]
98	[2.1413986682891846, -24.392614364624023]
99	[-3.1386868953704834, -25.485010147094727]
100	[-2.4521119594573975, -17.78873634338379]
101	[-1.156602144241333, -21.583515167236328]
102	[-4.859804153442383, -22.361438751220703]
103	[1.2316675186157227, -19.50625991821289]
104	[3.1974284648895264, -22.286182403564453]
105	[-0.5087403059005737, -37.36796951293945]
106	[3.264248847961426, -28.867647171020508]
107	[-0.9928097724914551, -6.549149990081787]
108	[2.229179620742798, -18.84393310546875]
109	[7.516180515289307, -30.84840202331543]
110	[1.275080680847168, -13.775628089904785]
111	[-0.02739131450653076, -12.222468376159668]
112	[-2.920823812484741, -22.159561157226562]
113	[0.9298350811004639, -23.206592559814453]
114	[-1.0480408668518066, -16.349987030029297]
115	[-2.5993764400482178, -13.026876449584961]
116	[1.2698906660079956, -33.16399002075195]
117	[-7.033238887786865, -21.053396224975586]
118	[1.1964871883392334, -21.043880462646484]
119	[4.2937912940979, -15.514652252197266]
120	[-10.496030807495117, -20.28778839111328]
121	[3.445383071899414, -20.057064056396484]
122	[2.5605547428131104, -17.336984634399414]
123	[4.492169380187988, -17.88932991027832]
124	[3.9449570178985596, -18.857357025146484]
125	[-6.00211238861084, -35.15691375732422]
126	[2.626321315765381, -11.237924575805664]
127	[-2.0087125301361084, -11.718822479248047]
128	[3.209333896636963, -28.60957908630371]
129	[1.2889704704284668, -12.540878295898438]
130	[4.566401958465576, -27.845674514770508]
131	[0.08713304996490479, -36.95119094848633]
132	[3.3654050827026367, -17.931838989257812]
133	[1.9761309623718262, -15.36263656616211]
134	[0.03073066473007202, -17.731027603149414]
135	[-0.02738863229751587, -17.94317626953125]
136	[3.14475154876709, -27.82741355895996]
137	[2.1313235759735107, -18.52957534790039]
138	[2.6770691871643066, -17.027557373046875]
139	[3.8289618492126465, -23.381521224975586]
140	[0.6968534588813782, -18.432849884033203]
141	[-0.7991610169410706, -20.421039581298828]
142	[3.786684513092041, -13.820727348327637]
143	[-2.365450859069824, -12.080392837524414]
144	[0.3991587162017822, -14.118810653686523]
145	[0.9469839334487915, -11.160486221313477]
146	[1.0320706367492676, -10.115674018859863]
147	[5.599508285522461, -27.846960067749023]
148	[1.8245270252227783, -19.917266845703125]
149	[2.1515421867370605, -14.572202682495117]
150	[0.28894853591918945, -35.39563751220703]
151	[-1.3574172258377075, -28.18439292907715]
152	[-3.513730049133301, -42.4947509765625]
153	[5.137279033660889, -33.442588806152344]
154	[5.635326385498047, -20.04690170288086]
155	[0.6931576132774353, -18.33131217956543]
156	[7.339682102203369, -21.970144271850586]
157	[1.1577062606811523, -13.53672981262207]
158	[-0.13528266549110413, -9.85622501373291]
159	[2.016127824783325, -23.366025924682617]
160	[3.576749801635742, -22.667919158935547]
161	[-0.78932124376297, -25.600099563598633]
162	[14.856544494628906, -71.07555389404297]
163	[3.9819610118865967, -55.039188385009766]
164	[4.4904632568359375, -17.030967712402344]
165	[4.824445724487305, -33.78466033935547]
166	[9.208822250366211, -35.81639099121094]
167	[0.5110985040664673, -49.2828254699707]
168	[12.139894485473633, -35.926971435546875]
169	[-2.275750160217285, -35.64447021484375]
170	[-6.49856424331665, -30.37856674194336]
171	[-9.168693542480469, -46.109375]
172	[2.6840834617614746, -21.90802001953125]
173	[3.8438096046447754, -31.083797454833984]
174	[-9.237774848937988, -40.26035690307617]
175	[-5.930934906005859, -27.03752899169922]
176	[-1.6657686233520508, -33.061370849609375]
177	[-0.06541264057159424, -21.500568389892578]
178	[7.857564449310303, -27.398780822753906]
179	[4.357768535614014, -27.02188491821289]
180	[-6.905327796936035, -34.277652740478516]
181	[5.955924987792969, -20.07553482055664]
182	[-3.5329155921936035, -33.44791793823242]
183	[5.310379505157471, -24.008493423461914]
184	[-1.969965934753418, -34.53710174560547]
185	[4.083188533782959, -38.918113708496094]
186	[11.1231050491333, -25.44087791442871]
187	[-2.0857579708099365, -19.93659782409668]
188	[9.871695518493652, -37.608238220214844]
189	[0.3786388635635376, -20.42096519470215]
190	[3.582059860229492, -24.987747192382812]
191	[6.188387393951416, -64.27400207519531]
192	[7.267305374145508, -25.383695602416992]
193	[-5.558870792388916, -31.917451858520508]
194	[2.3101818561553955, -20.711217880249023]
195	[1.9833511114120483, -17.715293884277344]
196	[-3.2086594104766846, -15.137343406677246]
197	[-1.5984774827957153, -20.803756713867188]
198	[5.420290470123291, -36.05305099487305]
199	[-0.31568288803100586, -16.432395935058594]
200	[5.854211807250977, -38.78446578979492]
201	[6.768305778503418, -55.64122009277344]
202	[3.9764413833618164, -24.07377815246582]
203	[1.2291803359985352, -15.59904956817627]
204	[6.394118785858154, -17.928741455078125]
205	[-0.7794007062911987, -20.115877151489258]
206	[-1.4413775205612183, -8.830245971679688]
207	[-1.5158605575561523, -17.747926712036133]
208	[-0.03522157669067383, -27.127042770385742]
209	[2.18631649017334, -31.08460235595703]
210	[-1.493072748184204, -19.118635177612305]
211	[3.906163215637207, -20.69039535522461]
212	[8.004493713378906, -32.55160903930664]
213	[-5.657109260559082, -56.15523147583008]
214	[-12.450355529785156, -44.68603515625]
215	[-9.101479530334473, -30.41132164001465]
216	[5.45723819732666, -37.38430404663086]
217	[-2.3925392627716064, -66.87997436523438]
218	[1.2579576969146729, -7.839587688446045]
219	[3.8647427558898926, -14.809263229370117]
220	[0.7862056493759155, -9.945436477661133]
221	[6.1628804206848145, -17.36084747314453]
222	[-7.204627990722656, -46.008033752441406]
223	[15.003849983215332, -40.85389709472656]
224	[-9.133296966552734, -45.35516357421875]
225	[-0.8917895555496216, -19.425607681274414]
226	[-3.352921724319458, -23.04179573059082]
227	[14.487350463867188, -53.242801666259766]
228	[-6.160843849182129, -23.3779354095459]
229	[1.6198697090148926, -22.746835708618164]
230	[14.174695014953613, -43.44511413574219]
231	[-5.569596290588379, -19.969520568847656]
232	[16.257347106933594, -45.450965881347656]
233	[0.9761214256286621, -19.70479965209961]
234	[-8.79521656036377, -21.112876892089844]
235	[3.102698564529419, -22.917755126953125]
236	[2.23898983001709, -22.791290283203125]
237	[-2.2981481552124023, -21.781238555908203]
238	[3.0470736026763916, -18.098161697387695]
239	[-3.1430654525756836, -25.987091064453125]
240	[-14.049571990966797, -44.932952880859375]
241	[1.844921588897705, -20.978347778320312]
242	[0.9889748692512512, -16.63565444946289]
243	[2.3377318382263184, -16.605876922607422]
244	[-1.0894196033477783, -16.569517135620117]
245	[-14.140262603759766, -21.42695426940918]
246	[-4.899623870849609, -24.958816528320312]
247	[2.661099910736084, -27.1392879486084]
248	[-1.1165368556976318, -18.665321350097656]
249	[-3.0423991680145264, -33.831974029541016]
250	[-3.948127031326294, -35.47701644897461]
251	[2.1801834106445312, -24.118125915527344]
252	[7.831146240234375, -45.43348693847656]
253	[-6.371486663818359, -21.772560119628906]
254	[-7.370501518249512, -21.98800277709961]
255	[-6.682713985443115, -27.858295440673828]
256	[-6.346627712249756, -49.14659881591797]
257	[0.4468677043914795, -27.56842041015625]
258	[-4.245395660400391, -33.39223861694336]
259	[-5.12448263168335, -9.643892288208008]
260	[-1.258548617362976, -24.227149963378906]
261	[0.4433307647705078, -36.49706268310547]
262	[-0.3979361057281494, -34.59333801269531]
263	[-3.30489182472229, -14.935678482055664]
264	[0.9968516826629639, -18.08942985534668]
265	[2.683520793914795, -20.24444580078125]
266	[-0.9055192470550537, -18.008155822753906]
267	[-1.6773147583007812, -27.075565338134766]
268	[-2.2497806549072266, -34.16862869262695]
269	[0.950222373008728, -18.14977264404297]
270	[1.5896739959716797, -14.472692489624023]
271	[-1.2306568622589111, -23.997013092041016]
272	[-4.582393169403076, -8.895036697387695]
273	[-0.3914699852466583, -15.728086471557617]
274	[4.687958717346191, -26.891651153564453]
275	[0.03782033920288086, -26.533063888549805]
276	[-5.1256208419799805, -33.53361129760742]
277	[1.279305338859558, -32.080322265625]
278	[-2.2571401596069336, -33.13104248046875]
279	[1.6232386827468872, -34.63169860839844]
280	[-1.3897161483764648, -15.778573989868164]
281	[-0.08981788158416748, -20.59417152404785]
282	[-2.8010573387145996, -22.047073364257812]
283	[7.086538314819336, -32.60114669799805]
284	[-0.4895976781845093, -0.751434326171875]
285	[-5.579336643218994, -23.815881729125977]
286	[2.1555140018463135, -11.438915252685547]
287	[-2.176975727081299, -30.168991088867188]
288	[-2.9442572593688965, -10.98171615600586]
289	[1.873875617980957, -12.5536470413208]
290	[-0.223801851272583, -24.028165817260742]
291	[0.484829306602478, -19.954496383666992]
292	[-11.926667213439941, -28.01456069946289]
293	[1.8462507724761963, -15.48576545715332]
294	[0.4162903428077698, -23.972476959228516]
295	[0.6467685103416443, -21.166473388671875]
296	[3.1909854412078857, -17.687976837158203]
297	[-1.958709955215454, -20.386749267578125]
298	[2.93949031829834, -12.176132202148438]
299	[-1.3806390762329102, -5.247549057006836]
300	[-0.08138883113861084, -20.523731231689453]
301	[-13.812565803527832, -29.440828323364258]
302	[3.1438241004943848, -21.41636085510254]
303	[-3.0461506843566895, -13.934979438781738]
304	[1.0427097082138062, -14.051645278930664]
305	[-0.06776228547096252, -18.96123695373535]
306	[1.0122073888778687, -8.58056640625]
307	[0.7048105001449585, -12.740741729736328]
308	[-1.4260010719299316, -31.517330169677734]
309	[1.5062103271484375, -23.57613754272461]
310	[3.569244146347046, -44.46528244018555]
311	[1.100284457206726, -20.81025505065918]
312	[-0.808525800704956, -36.48971176147461]
313	[0.91743403673172, -22.801509857177734]
314	[2.1902079582214355, -30.217775344848633]
315	[0.15851141512393951, -19.607086181640625]
316	[2.144824504852295, -14.804133415222168]
317	[3.7331438064575195, -20.599477767944336]
318	[-8.41079330444336, -55.04967498779297]
319	[4.972736358642578, -19.330810546875]
320	[1.7579680681228638, -22.617801666259766]
321	[-3.2136070728302, -11.866887092590332]
322	[0.0174749493598938, -12.751789093017578]
323	[-1.6439578533172607, -16.778913497924805]
324	[1.9092426300048828, -20.36263656616211]
325	[-1.941758632659912, -15.942342758178711]
326	[-3.2519612312316895, -19.2469482421875]
327	[-3.134697914123535, -33.25761795043945]
328	[-2.1065351963043213, -14.855329513549805]
329	[-3.1337788105010986, -21.217205047607422]
330	[-3.559593915939331, -25.51024627685547]
331	[3.6265649795532227, -15.447530746459961]
332	[-0.05744588375091553, -31.482746124267578]
333	[3.8456168174743652, -26.3450984954834]
334	[2.104304313659668, -15.44091796875]
335	[0.3612774610519409, -25.193256378173828]
336	[-2.662389039993286, -16.549144744873047]
337	[-1.4680315256118774, -19.526472091674805]
338	[1.2705986499786377, -13.542184829711914]
339	[1.459344506263733, -22.95856475830078]
340	[2.8147335052490234, -17.747314453125]
341	[2.19935941696167, -17.24335289001465]
342	[2.6279196739196777, -14.406749725341797]
343	[1.0573654174804688, -21.431507110595703]
344	[0.7652288675308228, -19.51477813720703]
345	[6.158802032470703, -30.421974182128906]
346	[-1.2370926141738892, -21.15802574157715]
347	[0.22960622608661652, -12.783432006835938]
348	[2.42380690574646, -18.553319931030273]
349	[-0.10168075561523438, -23.166587829589844]
350	[3.601653814315796, -28.34615135192871]
351	[1.208071231842041, -27.54440689086914]
352	[4.911925315856934, -21.29068946838379]
353	[1.5677037239074707, -27.17047691345215]
354	[6.392271995544434, -23.316797256469727]
355	[1.7111871242523193, -29.067703247070312]
356	[3.912728786468506, -31.822315216064453]
357	[2.3380959033966064, -28.542604446411133]
358	[6.662941932678223, -36.803131103515625]
359	[0.4047706127166748, -15.152443885803223]
360	[5.979036331176758, -34.95159149169922]
361	[2.906728744506836, -20.79847526550293]
362	[1.0636965036392212, -15.335376739501953]
363	[2.2248127460479736, -40.54151916503906]
364	[3.51936411857605, -30.340587615966797]
365	[2.612576961517334, -20.966718673706055]
366	[10.878934860229492, -47.12082290649414]
367	[-0.9028447866439819, -25.691905975341797]
368	[10.727118492126465, -41.51567077636719]
369	[2.975827217102051, -21.846994400024414]
370	[11.225019454956055, -21.267776489257812]
371	[-4.842634677886963, -49.221012115478516]
372	[10.649214744567871, -31.838125228881836]
373	[-3.9301910400390625, -26.66319465637207]
374	[-2.6807639598846436, -28.6793270111084]
375	[-8.74392032623291, -34.122467041015625]
376	[2.03798246383667, -24.5211238861084]
377	[3.0249922275543213, -21.856287002563477]
378	[2.2566332817077637, -26.566452026367188]
379	[-1.5608580112457275, -28.291698455810547]
380	[5.03997802734375, -31.70162010192871]
381	[2.213862657546997, -22.371959686279297]
382	[3.837451457977295, -36.27566146850586]
383	[0.2815943956375122, -26.841835021972656]
384	[-1.0569205284118652, -35.93784713745117]
385	[-1.1765196323394775, -23.586673736572266]
386	[2.6326680183410645, -19.831268310546875]
387	[2.930015802383423, -17.741506576538086]
388	[-0.15530765056610107, -13.505136489868164]
389	[2.603379487991333, -38.28178787231445]
390	[6.413956642150879, -36.10758972167969]
391	[1.1468477249145508, -34.25590515136719]
392	[-1.1626421213150024, -45.14360046386719]
393	[4.2487616539001465, -31.505033493041992]
394	[6.187416076660156, -25.670278549194336]
395	[7.561892509460449, -30.958776473999023]
396	[2.2672314643859863, -33.05000305175781]
397	[5.468620777130127, -70.8342056274414]
398	[-4.377317428588867, -41.760677337646484]
399	[0.31488263607025146, -42.454166412353516]
400	[3.2395710945129395, -22.870586395263672]
401	[2.7895233631134033, -23.97393226623535]
402	[3.1297836303710938, -29.147958755493164]
403	[4.334354400634766, -16.93752098083496]
404	[3.591231346130371, -32.8917350769043]
405	[1.3752622604370117, -20.362829208374023]
406	[4.236053466796875, -22.77200698852539]
407	[3.313173294067383, -20.153305053710938]
408	[2.400162696838379, -29.95281982421875]
409	[1.505944013595581, -25.173561096191406]
410	[0.0003578662872314453, -28.703067779541016]
411	[-1.3923516273498535, -18.054378509521484]
412	[-4.885643482208252, -5.984673976898193]
413	[0.5577824115753174, -25.32213020324707]
414	[1.3768928050994873, -40.5926399230957]
415	[3.1168715953826904, -20.980932235717773]
416	[4.6413893699646, -40.55814743041992]
417	[6.897697448730469, -29.022367477416992]
418	[1.2348878383636475, -20.272329330444336]
419	[2.009598970413208, -40.35588836669922]
420	[5.309943199157715, -27.715700149536133]
421	[0.7200413346290588, -18.31943702697754]
422	[4.801227569580078, -43.507179260253906]
423	[5.357938289642334, -26.322233200073242]
424	[13.115900993347168, -24.79163360595703]
425	[3.747079849243164, -40.866127014160156]
426	[-1.9405364990234375, -33.213741302490234]
427	[3.2711262702941895, -26.604419708251953]
428	[-14.17205810546875, -54.93472671508789]
429	[0.22965994477272034, -30.90462875366211]
430	[-23.691959381103516, -25.75981330871582]
431	[4.063779354095459, -34.86138916015625]
432	[2.414851665496826, -24.05816650390625]
433	[4.007381439208984, -15.87521743774414]
434	[-3.457380771636963, -30.464096069335938]
435	[5.343778133392334, -15.697799682617188]
436	[0.6479368209838867, -17.130897521972656]
437	[1.2526782751083374, -45.02561569213867]
438	[-0.5083097219467163, -32.46062469482422]
439	[7.599887847900391, -19.919315338134766]
440	[7.665465354919434, -48.60795211791992]
441	[0.16039490699768066, -25.330080032348633]
442	[2.760737180709839, -46.134822845458984]
443	[7.124814987182617, -25.61075210571289]
444	[-9.289794921875, -19.35087776184082]
445	[9.045623779296875, -27.480506896972656]
446	[-1.6180200576782227, -22.74485206604004]
447	[-4.015743255615234, -25.29845428466797]
448	[-0.4664163589477539, -23.543466567993164]
449	[2.393568992614746, -18.336986541748047]
450	[5.797327518463135, -31.830257415771484]
451	[4.3723978996276855, -28.484651565551758]
452	[2.4222633838653564, -26.941442489624023]
453	[4.353800296783447, -29.32600975036621]
454	[7.42066764831543, -35.33019256591797]
455	[7.718579292297363, -77.49674987792969]
456	[9.681650161743164, -53.88334655761719]
457	[6.696558475494385, -24.95054054260254]
458	[-1.6724753379821777, -37.0157585144043]
459	[5.107962131500244, -24.472734451293945]
460	[0.9748421311378479, -34.402713775634766]
461	[0.6756839752197266, -37.59772491455078]
462	[0.2595006227493286, -47.22642517089844]
463	[1.6986799240112305, -34.87144088745117]
464	[-2.1238975524902344, -25.862525939941406]
465	[0.4508291482925415, -31.517723083496094]
466	[4.037052631378174, -25.921724319458008]
467	[-4.961406707763672, -33.28248977661133]
468	[2.5956838130950928, -19.86347198486328]
469	[2.868178606033325, -24.034183502197266]
470	[-1.5063490867614746, -18.432825088500977]
471	[2.2921180725097656, -13.46764087677002]
472	[2.115621566772461, -21.764453887939453]
473	[1.7586545944213867, -19.238601684570312]
474	[1.0923917293548584, -22.704940795898438]
475	[1.476409912109375, -22.854490280151367]
476	[-6.006924152374268, -6.29485559463501]
477	[-9.00058364868164, -30.753799438476562]
478	[2.6147847175598145, -48.20522689819336]
479	[-2.1454203128814697, -32.45683288574219]
480	[-1.8695523738861084, -41.33442306518555]
481	[-5.419118404388428, -18.549118041992188]
482	[-15.783538818359375, -45.575382232666016]
483	[-8.5892333984375, -17.018821716308594]
484	[3.6980319023132324, -50.7155647277832]
485	[-10.47706127166748, -52.855674743652344]
486	[3.1284642219543457, -35.614288330078125]
487	[4.570562839508057, -45.62210464477539]
488	[0.471451997756958, -22.735639572143555]
489	[-3.303985834121704, -27.057170867919922]
490	[2.7225918769836426, -56.28816604614258]
491	[4.564077377319336, -47.69029235839844]
492	[-0.01987779140472412, -36.39731979370117]
493	[2.6157755851745605, -38.00461196899414]
494	[-9.284428596496582, -14.442928314208984]
495	[-0.6839476823806763, -26.329998016357422]
496	[-4.5592732429504395, -24.66968536376953]
497	[3.74540638923645, -29.453466415405273]
498	[6.861860752105713, -19.15464973449707]
499	[9.822378158569336, -48.74014663696289]
500	[-2.635361433029175, -19.64166831970215]
501	[-7.432990074157715, -38.493873596191406]
502	[-8.755318641662598, -17.2996768951416]
503	[0.72015380859375, -21.85335350036621]
504	[-0.6219837069511414, -28.001251220703125]
505	[-2.6445765495300293, -24.97634506225586]
506	[3.0894668102264404, -14.57812786102295]
507	[-10.18303108215332, -23.22592544555664]
508	[0.24648714065551758, -30.16180992126465]
509	[2.5455527305603027, -24.06825828552246]
510	[3.243955612182617, -28.547954559326172]
511	[-0.4260683059692383, -27.36217498779297]
512	[-5.851441860198975, -25.282289505004883]
513	[6.692443370819092, -33.403926849365234]
514	[-2.3830511569976807, -24.56376838684082]
515	[2.1602110862731934, -27.1989803314209]
516	[-1.7869857549667358, -17.523025512695312]
517	[-2.4387669563293457, -18.24872398376465]
518	[1.650655746459961, -30.04831314086914]
519	[0.9284585118293762, -22.733903884887695]
520	[-2.8759171962738037, -46.32633972167969]
521	[-0.2128967046737671, -27.181842803955078]
522	[7.050838470458984, -23.011680603027344]
523	[-3.1491191387176514, -27.49757194519043]
524	[-1.1195695400238037, -23.190284729003906]
525	[2.56394100189209, -27.43708038330078]
526	[2.1719963550567627, -21.57280921936035]
527	[1.838807463645935, -34.20113754272461]
528	[-0.8913711309432983, -17.12405776977539]
529	[-0.46628570556640625, -26.206342697143555]
530	[-2.836699962615967, -22.139198303222656]
531	[-1.011925458908081, -36.33879089355469]
532	[-6.399653434753418, -31.895404815673828]
533	[0.5321029424667358, -23.531612396240234]
534	[1.1152818202972412, -24.06010627746582]
535	[0.42006295919418335, -17.604585647583008]
536	[1.7547669410705566, -21.39286994934082]
537	[-0.7835475206375122, -16.857057571411133]
538	[3.542841911315918, -22.84585952758789]
539	[-3.486052989959717, -17.447650909423828]
540	[-0.8841126561164856, -22.5108585357666]
541	[4.0879621505737305, -17.221635818481445]
542	[-5.730677604675293, -30.528968811035156]
543	[0.3632626533508301, -40.169090270996094]
544	[-18.10520362854004, -38.99248123168945]
545	[-17.355205535888672, -33.69195556640625]
546	[-1.676067590713501, -70.65843200683594]
547	[1.7543705701828003, -25.7828311920166]
548	[-9.965766906738281, -14.543012619018555]
549	[-2.3959875106811523, -34.610286712646484]
550	[-1.255739688873291, -36.73564529418945]
551	[3.1161303520202637, -14.787557601928711]
552	[-5.077908039093018, -15.317476272583008]
553	[-2.8971643447875977, -31.832565307617188]
554	[-1.8295910358428955, -31.102535247802734]
555	[5.557337284088135, -30.680721282958984]
556	[3.187650680541992, -26.449106216430664]
557	[2.1131861209869385, -25.83319091796875]
558	[-17.233989715576172, -17.389360427856445]
559	[3.0995781421661377, -15.931700706481934]
560	[2.3116135597229004, -24.61334991455078]
561	[1.472392201423645, -19.546119689941406]
562	[-1.2215502262115479, -16.848785400390625]
563	[0.8623855113983154, -26.007030487060547]
564	[-0.24555054306983948, -11.99270248413086]
565	[1.3690874576568604, -14.39599895477295]
566	[2.7042155265808105, -23.86503028869629]
567	[-1.2870893478393555, -25.99673080444336]
568	[-1.9031022787094116, -18.418079376220703]
569	[0.8499926328659058, -26.712265014648438]
570	[-3.859546184539795, -25.68063735961914]
571	[-10.146474838256836, -47.11434555053711]
572	[5.223515510559082, -39.905792236328125]
573	[1.8726253509521484, -44.82616424560547]
574	[-0.6523175239562988, -39.771636962890625]
575	[3.0837366580963135, -35.72339630126953]
576	[1.1379995346069336, -61.089332580566406]
577	[2.5274887084960938, -17.906986236572266]
578	[2.151155948638916, -18.055076599121094]
579	[-0.6276819705963135, -13.627086639404297]
580	[-4.0971221923828125, -13.565074920654297]
581	[0.9109102487564087, -25.94671630859375]
582	[-0.6861172318458557, -19.394317626953125]
583	[-7.284792900085449, -16.110767364501953]
584	[1.513310194015503, -51.03827667236328]
585	[6.4511823654174805, -27.993051528930664]
586	[-5.518667697906494, -36.685821533203125]
587	[-0.07805836200714111, -47.02865219116211]
588	[0.37371063232421875, -79.67950439453125]
589	[-0.46530044078826904, -17.84335708618164]
590	[3.109238386154175, -43.26548385620117]
591	[-3.810900926589966, -26.709552764892578]
592	[-2.694931745529175, -30.511600494384766]
593	[-6.256330966949463, -30.9350528717041]
594	[20.267616271972656, -65.51690673828125]
595	[7.086860179901123, -56.48822784423828]
596	[6.403593063354492, -60.30253219604492]
597	[11.869169235229492, -37.79214096069336]
598	[14.052383422851562, -29.384355545043945]
599	[1.99220609664917, -23.650724411010742]
600	[9.506036758422852, -32.8657341003418]
601	[3.2211625576019287, -30.301376342773438]
602	[6.681462287902832, -43.17621612548828]
603	[-3.371504783630371, -35.96015930175781]
604	[5.78867244720459, -30.773500442504883]
605	[-3.515691041946411, -18.450721740722656]
606	[1.2810328006744385, -24.294963836669922]
607	[8.394896507263184, -30.536758422851562]
608	[-11.607559204101562, -23.574542999267578]
609	[4.241276264190674, -28.980384826660156]
610	[-2.0793821811676025, -23.993349075317383]
611	[6.006241798400879, -37.973445892333984]
612	[-0.7386937141418457, -32.25543975830078]
613	[-0.02609870582818985, -22.120677947998047]
614	[3.0323095321655273, -27.891746520996094]
615	[4.255418300628662, -32.20232009887695]
616	[1.8116880655288696, -26.076580047607422]
617	[13.418434143066406, -32.436927795410156]
618	[4.0627241134643555, -43.10969924926758]
619	[4.584866523742676, -30.98241424560547]
620	[1.6451209783554077, -26.3148136138916]
621	[0.07036375999450684, -29.203136444091797]
622	[4.53105354309082, -31.05944061279297]
623	[6.708895206451416, -23.978958129882812]
624	[5.943405628204346, -23.02435302734375]
625	[7.581243991851807, -23.436208724975586]
626	[-2.3235247135162354, -57.34525680541992]
627	[2.029813766479492, -20.39982795715332]
628	[-6.961118221282959, -22.060697555541992]
629	[4.818281650543213, -25.20899772644043]
630	[2.6419143676757812, -18.9108829498291]
631	[8.564749717712402, -36.62179183959961]
632	[3.8319146633148193, -30.374753952026367]
633	[17.531803131103516, -42.96590042114258]
634	[7.67310094833374, -32.689552307128906]
635	[-0.7996166348457336, -40.294944763183594]
636	[9.7428560256958, -31.968324661254883]
637	[10.490349769592285, -25.532041549682617]
638	[-1.4830811023712158, -28.745941162109375]
639	[1.8512259721755981, -27.02492904663086]
640	[10.359288215637207, -33.02023696899414]
641	[2.6276276111602783, -31.2054500579834]
642	[-5.568351745605469, -21.494503021240234]
643	[2.0141804218292236, -27.515140533447266]
644	[-4.694224834442139, -16.683359146118164]
645	[1.765305519104004, -30.938640594482422]
646	[-1.482762336730957, -24.995487213134766]
647	[-1.4851750135421753, -42.05836486816406]
648	[-2.1362557411193848, -20.861942291259766]
649	[-0.2662258744239807, -37.07591247558594]
650	[-1.1639472246170044, -21.872220993041992]
651	[-0.2118961215019226, -21.067317962646484]
652	[-3.833120584487915, -31.789167404174805]
653	[4.2895660400390625, -28.24245262145996]
654	[-4.47074556350708, -10.581850051879883]
655	[5.840248107910156, -35.91579818725586]
656	[-2.2182106971740723, -17.3713436126709]
657	[0.2641181945800781, -75.2606201171875]
658	[0.30996012687683105, -18.409290313720703]
659	[3.91499662399292, -41.515953063964844]
660	[-4.036182403564453, -28.25440788269043]
661	[-5.232854843139648, -32.83719253540039]
662	[18.82955551147461, -79.03498840332031]
663	[6.583878517150879, -56.81486129760742]
664	[4.417179107666016, -52.23571014404297]
665	[0.6916725635528564, -30.693269729614258]
666	[-12.494796752929688, -85.26860809326172]
667	[-1.8817368745803833, -56.28327178955078]
668	[0.9164574146270752, -24.857160568237305]
669	[2.5823872089385986, -48.9460563659668]
670	[-4.441354274749756, -46.562896728515625]
671	[-3.6166939735412598, -38.032772064208984]
672	[6.834752082824707, -44.601383209228516]
673	[-5.1211347579956055, -25.240711212158203]
674	[21.709062576293945, -61.2200927734375]
675	[13.053511619567871, -62.71799087524414]
676	[3.597299814224243, -45.94453430175781]
677	[16.6770076751709, -53.33366775512695]
678	[1.1439266204833984, -45.82114791870117]
679	[5.016682147979736, -64.46650695800781]
680	[-2.5296730995178223, -48.757572174072266]
681	[0.31844431161880493, -32.790008544921875]
682	[2.240300416946411, -24.77057647705078]
683	[1.9847688674926758, -20.103736877441406]
684	[2.4541330337524414, -41.25641632080078]
685	[-0.25320422649383545, -29.810508728027344]
686	[2.867579460144043, -20.615463256835938]
687	[7.528440952301025, -27.397571563720703]
688	[2.2672860622406006, -36.59861373901367]
689	[-0.7142389416694641, -19.14679718017578]
690	[-6.067784309387207, -46.02236557006836]
691	[-2.7876482009887695, -25.252708435058594]
692	[4.973294258117676, -26.27269172668457]
693	[4.476075172424316, -27.579660415649414]
694	[-1.1475409269332886, -24.541440963745117]
695	[-0.20770442485809326, -29.140256881713867]
696	[2.7095208168029785, -45.41670227050781]
697	[-0.331729531288147, -30.576021194458008]
698	[0.9436019659042358, -22.868915557861328]
699	[3.2319247722625732, -26.49433708190918]
700	[-2.7217721939086914, -29.95647430419922]
701	[0.7765791416168213, -26.11305046081543]
702	[3.283735513687134, -28.941139221191406]
703	[0.9468449354171753, -23.889883041381836]
704	[4.098310470581055, -34.34712600708008]
705	[0.249711275100708, -26.533327102661133]
706	[0.47792112827301025, -47.277565002441406]
707	[1.0720140933990479, -31.284257888793945]
708	[-1.9283392429351807, -18.525901794433594]
709	[1.3821607828140259, -18.28973960876465]
710	[-1.7260555028915405, -13.488961219787598]
711	[0.6929436326026917, -17.079498291015625]
712	[2.8316667079925537, -32.28804397583008]
713	[9.699644088745117, -53.832908630371094]
714	[-1.804279088973999, -28.171146392822266]
715	[0.6833367347717285, -38.443878173828125]
716	[0.1988532990217209, -29.870275497436523]
717	[10.00562858581543, -46.49727249145508]
718	[-3.696134090423584, -18.7263126373291]
719	[-1.9566965103149414, -24.62220573425293]
720	[-4.506381034851074, -28.913265228271484]
721	[-3.7118146419525146, -38.503662109375]
722	[1.2576872110366821, -25.37751579284668]
723	[2.0137779712677, -22.843021392822266]
724	[-0.44712895154953003, -21.47583770751953]
725	[-0.32983165979385376, -16.5805721282959]
726	[1.629188895225525, -18.01881217956543]
727	[1.13844633102417, -27.716007232666016]
728	[5.968999862670898, -25.354143142700195]
729	[0.32937055826187134, -15.963821411132812]
730	[-7.185033798217773, -21.589284896850586]
731	[5.870387077331543, -21.274293899536133]
732	[2.3682808876037598, -18.692501068115234]
733	[-0.6001193523406982, -46.216365814208984]
734	[2.320422887802124, -17.636249542236328]
735	[2.2159266471862793, -21.919876098632812]
736	[0.7025748491287231, -29.199329376220703]
737	[1.8007985353469849, -43.98460006713867]
738	[4.460188865661621, -45.88890075683594]
739	[7.074912071228027, -27.765968322753906]
740	[2.6158859729766846, -24.46532440185547]
741	[2.0841331481933594, -23.555912017822266]
742	[-17.869136810302734, -33.216041564941406]
743	[3.8282437324523926, -47.45079803466797]
744	[0.2057686746120453, -28.999956130981445]
745	[2.394000291824341, -16.852659225463867]
746	[-3.1552436351776123, -23.815650939941406]
747	[-3.7151846885681152, -33.294158935546875]
748	[3.161468029022217, -18.138765335083008]
749	[0.8658748865127563, -45.46207046508789]
750	[-1.3773764371871948, -45.66181564331055]
751	[8.294843673706055, -21.323345184326172]
752	[-0.4031108319759369, -25.04678726196289]
753	[-12.112686157226562, -25.171110153198242]
754	[4.4833526611328125, -26.284753799438477]
755	[7.951025485992432, -23.660682678222656]
756	[5.477717399597168, -31.673917770385742]
757	[-4.5473809242248535, -29.777400970458984]
758	[-0.0014671683311462402, -57.84371566772461]
759	[1.1231021881103516, -15.662887573242188]
760	[11.43055534362793, -48.335044860839844]
761	[0.34256958961486816, -76.28081512451172]
762	[21.20496940612793, -68.80303192138672]
763	[-7.0120015144348145, -39.1201286315918]
764	[-20.662538528442383, -21.657299041748047]
765	[2.4672658443450928, -43.39878845214844]
766	[5.1753249168396, -37.4891357421875]
767	[19.650449752807617, -55.8971061706543]
768	[13.332403182983398, -61.927791595458984]
769	[-23.63045883178711, -28.933265686035156]
770	[20.993999481201172, -39.39276885986328]
771	[13.556730270385742, -83.09593200683594]
772	[15.902366638183594, -58.28248596191406]
773	[9.191781044006348, -34.67571258544922]
774	[15.948834419250488, -67.82431030273438]
775	[5.4769721031188965, -40.0400390625]
776	[12.934061050415039, -70.08952331542969]
777	[-1.223093032836914, -36.142784118652344]
778	[1.3496342897415161, -21.49444580078125]
779	[1.17007577419281, -22.615102767944336]
780	[11.144346237182617, -44.81493377685547]
781	[15.209257125854492, -104.9031982421875]
782	[11.616877555847168, -61.70578384399414]
783	[27.65738296508789, -53.549278259277344]
784	[0.58795166015625, -25.79604148864746]
785	[17.915348052978516, -64.49745178222656]
786	[-10.257295608520508, -49.74208068847656]
787	[-11.393383026123047, -63.52339172363281]
788	[-2.27719783782959, -38.79551315307617]
789	[11.1976957321167, -65.77388763427734]
790	[7.901162147521973, -41.60642623901367]
791	[12.351456642150879, -58.403160095214844]
792	[4.974085807800293, -47.058448791503906]
793	[18.648326873779297, -44.00128936767578]
794	[0.6464388966560364, -23.563669204711914]
795	[17.12554931640625, -51.293792724609375]
796	[3.8885018825531006, -59.95281982421875]
797	[4.274678707122803, -19.37545394897461]
798	[25.07742691040039, -52.66667175292969]
799	[-4.370596408843994, -20.446104049682617]
800	[11.273371696472168, -44.747344970703125]
801	[-1.1312636137008667, -40.72784423828125]
802	[-0.4377565383911133, -26.790451049804688]
803	[6.062623500823975, -36.061729431152344]
804	[7.1499786376953125, -26.131011962890625]
805	[1.357338309288025, -24.617145538330078]
806	[0.36293402314186096, -32.01947784423828]
807	[2.1981446743011475, -20.26889419555664]
808	[4.694610118865967, -19.038429260253906]
809	[-0.302053302526474, -12.293838500976562]
810	[-0.4592556357383728, -12.855649948120117]
811	[-0.0550389289855957, -12.461589813232422]
812	[3.9408321380615234, -15.337079048156738]
813	[3.5655882358551025, -13.836536407470703]
814	[-0.29212644696235657, -11.568958282470703]
815	[-1.6328800916671753, -7.3838677406311035]
816	[-6.649069309234619, -13.113036155700684]
817	[2.974133253097534, -23.36554527282715]
818	[0.6412981748580933, -17.223690032958984]
819	[-11.294174194335938, -28.704334259033203]
820	[0.519810676574707, -25.397354125976562]
821	[-2.8271167278289795, -29.808380126953125]
822	[-1.5045301914215088, -30.846351623535156]
823	[0.27920863032341003, -23.163564682006836]
824	[-11.913524627685547, -41.98817825317383]
825	[0.9493227005004883, -32.10604476928711]
826	[4.240354061126709, -27.73757553100586]
827	[2.238532781600952, -38.17137145996094]
828	[5.173073768615723, -25.286314010620117]
829	[-3.8518171310424805, -66.37454986572266]
830	[4.108482837677002, -22.76077651977539]
831	[-3.237558364868164, -21.312152862548828]
832	[-4.841782093048096, -30.555612564086914]
833	[7.121895790100098, -30.618196487426758]
834	[0.8192825317382812, -16.29845428466797]
835	[0.6401705741882324, -50.75761795043945]
836	[-0.7652766704559326, -13.623978614807129]
837	[1.659836769104004, -21.86050033569336]
838	[3.680816650390625, -25.77583885192871]
839	[9.504690170288086, -53.07722473144531]
840	[4.11472225189209, -13.778980255126953]
841	[0.3626246452331543, -33.611244201660156]
842	[-6.332478046417236, -26.447776794433594]
843	[-13.882911682128906, -31.608787536621094]
844	[-12.077226638793945, -19.11240577697754]
845	[3.2507166862487793, -25.658090591430664]
846	[7.686213970184326, -29.63502311706543]
847	[1.4854018688201904, -17.919200897216797]
848	[5.123843669891357, -32.21317672729492]
849	[4.826172828674316, -43.65802001953125]
850	[-14.524068832397461, -47.6803092956543]
851	[2.923313617706299, -20.435928344726562]
852	[4.652396202087402, -42.15164566040039]
853	[3.8920392990112305, -19.38088035583496]
854	[13.921834945678711, -22.246763229370117]
855	[-4.384685516357422, -16.95374870300293]
856	[11.197378158569336, -17.288938522338867]
857	[7.6463942527771, -21.240442276000977]
858	[0.061438918113708496, -21.642728805541992]
859	[7.0787811279296875, -22.275232315063477]
860	[11.028435707092285, -15.57978630065918]
861	[-0.3797614574432373, -47.42012405395508]
862	[11.15102767944336, -16.486478805541992]
863	[5.589339256286621, -17.064594268798828]
864	[0.9842948913574219, -20.293174743652344]
865	[3.2208597660064697, -11.345671653747559]
866	[10.447160720825195, -11.200916290283203]
867	[-0.9324052333831787, -27.626026153564453]
868	[7.002194881439209, -14.48304271697998]
869	[10.311870574951172, -16.654876708984375]
870	[4.007331848144531, -28.122337341308594]
871	[-0.9978986978530884, -15.377930641174316]
872	[3.516770362854004, -16.61699867248535]
873	[-6.060869216918945, -35.082183837890625]
874	[8.201831817626953, -24.133703231811523]
875	[3.094958543777466, -10.149673461914062]
876	[-21.196739196777344, -22.470436096191406]
877	[14.67120361328125, -13.228086471557617]
878	[4.343843936920166, -18.248815536499023]
879	[-4.009881973266602, -32.07430648803711]
880	[9.720973014831543, -25.476728439331055]
881	[8.61428165435791, -10.242107391357422]
882	[-6.5242462158203125, -29.977161407470703]
883	[1.226374864578247, -16.409297943115234]
884	[-4.21946907043457, -18.440046310424805]
885	[-1.221932291984558, -22.659486770629883]
886	[2.4360878467559814, -34.084068298339844]
887	[-6.505715370178223, -20.813051223754883]
888	[1.3080527782440186, -17.095264434814453]
889	[3.139662027359009, -10.875345230102539]
890	[-6.367023944854736, -26.03883171081543]
891	[1.5180110931396484, -9.944540977478027]
892	[0.6844236850738525, -15.717717170715332]
893	[-11.823403358459473, -24.757089614868164]
894	[-1.6480414867401123, -38.82720184326172]
895	[1.936356544494629, -20.293182373046875]
896	[-17.99330711364746, -67.39474487304688]
897	[0.4726641774177551, -27.13350486755371]
898	[0.7853075265884399, -14.124336242675781]
899	[1.4429082870483398, -27.270448684692383]
900	[-6.575526237487793, -24.616554260253906]
901	[2.611825466156006, -18.785316467285156]
902	[-1.4928542375564575, -22.50222396850586]
903	[9.156474113464355, -29.730274200439453]
904	[3.507302761077881, -31.177379608154297]
905	[-7.472670555114746, -39.886234283447266]
906	[-0.49035441875457764, -21.619977951049805]
907	[3.392643451690674, -35.5706787109375]
908	[6.202594757080078, -30.768470764160156]
909	[1.4087997674942017, -28.853736877441406]
910	[3.923837184906006, -32.52610778808594]
911	[3.8779165744781494, -34.13111877441406]
912	[5.364200115203857, -29.69247055053711]
913	[0.2346723973751068, -27.08360481262207]
914	[-2.6091582775115967, -35.33881759643555]
915	[-1.5697417259216309, -57.24421310424805]
916	[-0.5172315835952759, -41.938758850097656]
917	[-3.952495813369751, -49.36740493774414]
918	[6.9927167892456055, -20.63523292541504]
919	[-0.6799232959747314, -41.40101623535156]
920	[-2.265801191329956, -30.59910011291504]
921	[-13.757418632507324, -33.62274169921875]
922	[13.354340553283691, -30.901973724365234]
923	[-8.264286041259766, -50.22935485839844]
924	[6.43333101272583, -50.85496139526367]
925	[0.17734384536743164, -14.366127967834473]
926	[5.136650562286377, -58.59674072265625]
927	[-0.23753535747528076, -56.20030212402344]
928	[-6.97181510925293, -54.80010986328125]
929	[-1.527611494064331, -52.848140716552734]
930	[-0.15823236107826233, -23.84441566467285]
931	[2.142716407775879, -22.72239875793457]
932	[-0.38874778151512146, -19.816280364990234]
933	[15.174041748046875, -51.50688934326172]
934	[-0.7345998287200928, -30.08810043334961]
935	[14.803913116455078, -52.37057113647461]
936	[-0.7953546047210693, -24.30716323852539]
937	[-2.3161909580230713, -24.018529891967773]
938	[1.6005373001098633, -25.4079532623291]
939	[-3.281688690185547, -29.778797149658203]
940	[-4.582537651062012, -35.65815353393555]
941	[6.590309143066406, -25.922914505004883]
942	[-9.691457748413086, -30.214433670043945]
943	[5.3318352699279785, -21.827713012695312]
944	[6.834613800048828, -27.351097106933594]
945	[-14.21799087524414, -25.376832962036133]
946	[0.7283099293708801, -18.447616577148438]
947	[1.0498199462890625, -31.65843963623047]
948	[1.506260871887207, -25.64948081970215]
949	[-1.7789568901062012, -39.799381256103516]
950	[3.9004993438720703, -18.22199058532715]
951	[4.492592811584473, -13.410175323486328]
952	[3.1656312942504883, -29.123336791992188]
953	[-0.4474695920944214, -25.928890228271484]
954	[2.3685803413391113, -23.982486724853516]
955	[-3.512935161590576, -30.959327697753906]
956	[1.0118670463562012, -36.78860855102539]
957	[1.2314667701721191, -39.7977180480957]
958	[-1.1089224815368652, -32.342803955078125]
959	[6.777900695800781, -22.107885360717773]
960	[-1.2496601343154907, -42.234012603759766]
961	[3.620218276977539, -42.461082458496094]
962	[-8.06848430633545, -56.67915344238281]
963	[4.15509033203125, -22.656084060668945]
964	[-4.069084167480469, -24.20635986328125]
965	[2.0670223236083984, -25.50211524963379]
966	[-0.8466678261756897, -27.050735473632812]
967	[-3.4887917041778564, -46.54911804199219]
968	[4.331753730773926, -25.607881546020508]
969	[-0.3454880714416504, -37.08458709716797]
970	[1.9975944757461548, -25.66226577758789]
971	[0.8555178642272949, -35.146934509277344]
972	[5.086978912353516, -28.168445587158203]
973	[3.0367958545684814, -34.662506103515625]
974	[-2.5579004287719727, -31.49165916442871]
975	[-2.058238983154297, -38.25502014160156]
976	[0.18658146262168884, -10.6322603225708]
977	[1.8950937986373901, -44.159515380859375]
978	[6.133547782897949, -16.518342971801758]
979	[2.100806713104248, -16.23357391357422]
980	[10.215333938598633, -19.029258728027344]
981	[-0.3690367341041565, -28.095691680908203]
982	[0.3143727481365204, -42.61602783203125]
983	[-2.789618730545044, -27.193431854248047]
984	[0.2627679705619812, -47.13637161254883]
985	[-0.0981292724609375, -12.015243530273438]
986	[-0.607659101486206, -16.322967529296875]
987	[1.705202579498291, -18.928613662719727]
988	[-0.9102141857147217, -39.45623779296875]
989	[-6.161318302154541, -31.627805709838867]
990	[-1.0982434749603271, -31.577911376953125]
991	[1.0544488430023193, -13.378039360046387]
992	[-0.17829841375350952, -15.358329772949219]
993	[-4.683034896850586, -35.976139068603516]
994	[-1.7145500183105469, -27.719627380371094]
995	[-0.18423713743686676, -17.99200439453125]
996	[-2.5886635780334473, -16.822599411010742]
997	[-0.09437519311904907, -21.345779418945312]
998	[-1.5636640787124634, -20.778823852539062]
999	[3.3657989501953125, -26.144554138183594]
1000	[-1.8154752254486084, -16.65309715270996]
1001	[-2.0009665489196777, -32.400936126708984]
1002	[-17.33527183532715, -53.73067092895508]
1003	[9.999198913574219, -22.556392669677734]
1004	[-6.258115768432617, -13.94061279296875]
1005	[-1.1954666376113892, -15.330678939819336]
1006	[2.7487120628356934, -12.395527839660645]
1007	[-2.7910780906677246, -44.254005432128906]
1008	[-9.240376472473145, -11.943920135498047]
1009	[-1.8397413492202759, -9.746625900268555]
1010	[4.283945560455322, -28.76133155822754]
1011	[0.04484444856643677, -17.583003997802734]
1012	[-0.22344684600830078, -19.777027130126953]
1013	[-0.001486659049987793, -18.802284240722656]
1014	[-1.7726260423660278, -15.309669494628906]
1015	[-1.545761227607727, -16.646570205688477]
1016	[2.4420199394226074, -23.878456115722656]
1017	[9.361541748046875, -25.849695205688477]
1018	[-3.1219053268432617, -26.369800567626953]
1019	[-3.5931601524353027, -46.89164733886719]
1020	[-5.697134494781494, -23.012298583984375]
1021	[4.739500045776367, -27.432174682617188]
1022	[1.090010166168213, -17.58566665649414]
1023	[6.043052673339844, -24.51506233215332]
1024	[1.339829921722412, -52.381690979003906]
1025	[7.702515602111816, -45.652137756347656]
1026	[9.619002342224121, -38.00653839111328]
1027	[3.54335618019104, -25.26702308654785]
1028	[1.850620150566101, -16.16556167602539]
1029	[3.0250015258789062, -21.509326934814453]
1030	[-5.17707633972168, -25.820659637451172]
1031	[-1.1757268905639648, -27.24789810180664]
1032	[-4.4151692390441895, -25.353286743164062]
1033	[-1.7172821760177612, -19.131526947021484]
1034	[0.04533028602600098, -23.843082427978516]
1035	[3.4009554386138916, -28.169767379760742]
1036	[-2.3333585262298584, -31.91332244873047]
1037	[-4.6729230880737305, -35.24859619140625]
1038	[3.0498950481414795, -28.030311584472656]
1039	[2.1373331546783447, -24.165260314941406]
1040	[1.353696346282959, -20.899394989013672]
1041	[6.789094924926758, -38.6634635925293]
1042	[19.583412170410156, -69.44529724121094]
1043	[5.509177207946777, -17.473268508911133]
1044	[1.994350790977478, -15.2460298538208]
1045	[4.610806941986084, -20.027448654174805]
1046	[2.531494379043579, -35.265106201171875]
1047	[3.258389472961426, -26.197683334350586]
1048	[-1.5843580961227417, -23.433731079101562]
1049	[-6.760985851287842, -25.89618492126465]
1050	[6.135854721069336, -19.764545440673828]
1051	[-1.9309895038604736, -14.246788024902344]
1052	[0.517898440361023, -32.6321907043457]
1053	[4.053000450134277, -26.128267288208008]
1054	[2.2734811305999756, -16.7901611328125]
1055	[2.558446168899536, -14.408248901367188]
1056	[-2.4571621417999268, -27.529335021972656]
1057	[2.3677759170532227, -31.584793090820312]
1058	[5.213330268859863, -18.99378204345703]
1059	[-2.144014835357666, -15.91385555267334]
1060	[2.344374656677246, -24.426532745361328]
1061	[0.325600266456604, -29.158557891845703]
1062	[2.1138217449188232, -27.490707397460938]
1063	[7.386912822723389, -62.314083099365234]
1064	[5.085605144500732, -23.516082763671875]
1065	[0.23589307069778442, -17.900165557861328]
1066	[1.6295582056045532, -18.76448631286621]
1067	[3.3936614990234375, -30.11159896850586]
1068	[-3.307584047317505, -21.506757736206055]
1069	[0.40480101108551025, -14.429871559143066]
1070	[-0.6954078674316406, -15.285362243652344]
1071	[-6.689626693725586, -22.642141342163086]
1072	[-0.06202656030654907, -16.998634338378906]
1073	[-3.8311619758605957, -22.261545181274414]
1074	[0.19727665185928345, -20.455646514892578]
1075	[-5.3720808029174805, -23.302120208740234]
1076	[-12.314156532287598, -47.19715118408203]
1077	[-4.867588996887207, -32.056758880615234]
1078	[6.189852237701416, -45.490623474121094]
1079	[-4.191349029541016, -34.76721954345703]
1080	[1.196119785308838, -24.132137298583984]
1081	[3.466331958770752, -22.96036148071289]
1082	[-3.632744789123535, -16.680505752563477]
1083	[-0.3566732406616211, -14.29121208190918]
1084	[3.2079720497131348, -27.532482147216797]
1085	[-1.4312225580215454, -20.833818435668945]
1086	[-4.1375203132629395, -16.28151512145996]
1087	[-0.5675380825996399, -15.284364700317383]
1088	[-2.816241502761841, -10.0147123336792]
1089	[-3.014087200164795, -14.135726928710938]
1090	[-1.653078556060791, -21.73147201538086]
1091	[-13.820123672485352, -30.98668098449707]
1092	[3.462427854537964, -19.32353401184082]
1093	[-1.1117630004882812, -23.19036865234375]
1094	[-5.672423362731934, -20.017581939697266]
1095	[-2.900493860244751, -22.305339813232422]
1096	[-1.2679738998413086, -33.81250762939453]
1097	[0.12784767150878906, -13.079919815063477]
1098	[-13.196157455444336, -35.37207794189453]
1099	[0.6598413586616516, -16.959341049194336]
1100	[-1.0273972749710083, -21.005905151367188]
1101	[-2.694791078567505, -35.83905029296875]
1102	[7.947706699371338, -24.594541549682617]
1103	[-0.9762072563171387, -11.410135269165039]
1104	[0.6686794757843018, -25.224245071411133]
1105	[-2.419032573699951, -25.449743270874023]
1106	[0.3659679889678955, -23.448341369628906]
1107	[-6.558082103729248, -19.393922805786133]
1108	[5.305643558502197, -15.845029830932617]
1109	[4.530026912689209, -20.117982864379883]
1110	[5.5011115074157715, -49.38919448852539]
1111	[-0.5150578022003174, -19.874732971191406]
1112	[7.162966728210449, -33.61619567871094]
1113	[3.200077533721924, -26.164886474609375]
1114	[1.1305298805236816, -31.124008178710938]
1115	[10.212167739868164, -30.183250427246094]
1116	[-2.0349624156951904, -19.168352127075195]
1117	[-3.537783622741699, -34.2183837890625]
1118	[0.9292064905166626, -21.07801628112793]
1119	[-3.539811134338379, -28.166019439697266]
1120	[-1.2151901721954346, -24.171428680419922]
1121	[-1.4868580102920532, -20.734943389892578]
1122	[-8.704625129699707, -20.267728805541992]
1123	[5.783911228179932, -62.15565490722656]
1124	[0.32595670223236084, -34.138580322265625]
1125	[-1.7238566875457764, -21.54206657409668]
1126	[0.7626698613166809, -21.192703247070312]
1127	[-3.885481357574463, -12.831521987915039]
1128	[-2.7834200859069824, -12.3546781539917]
1129	[2.7825050354003906, -22.639236450195312]
1130	[8.976078987121582, -47.92169189453125]
1131	[-0.8035699129104614, -29.309974670410156]
1132	[-4.588942527770996, -33.842063903808594]
1133	[0.8441780805587769, -20.668745040893555]
1134	[2.214205503463745, -22.50415802001953]
1135	[0.7392687201499939, -42.422428131103516]
1136	[0.25856947898864746, -59.164817810058594]
1137	[41.856998443603516, -101.24836730957031]
1138	[-3.593726634979248, -36.890167236328125]
1139	[2.524653911590576, -23.56607437133789]
1140	[2.97202205657959, -45.541343688964844]
1141	[7.725445747375488, -34.709800720214844]
1142	[-3.74055552482605, -25.66365623474121]
1143	[-0.6609130501747131, -44.63825988769531]
1144	[-7.716301441192627, -65.08142852783203]
1145	[-8.371846199035645, -60.5256462097168]
1146	[2.654515266418457, -37.42573165893555]
1147	[-2.526627540588379, -41.77386474609375]
1148	[7.995338439941406, -46.999820709228516]
1149	[0.24812710285186768, -42.31850051879883]
1150	[-5.066484451293945, -35.46364974975586]
1151	[5.2575788497924805, -52.521331787109375]
1152	[0.84046471118927, -26.347198486328125]
1153	[1.593824028968811, -57.9506950378418]
1154	[0.7125368714332581, -32.949859619140625]
1155	[-0.9360882043838501, -35.66782760620117]
1156	[3.940506935119629, -37.36741638183594]
1157	[10.33243179321289, -59.915428161621094]
1158	[8.477521896362305, -51.496639251708984]
1159	[-5.833277702331543, -39.718505859375]
1160	[-1.2599197626113892, -29.61713409423828]
1161	[-5.753862380981445, -11.986629486083984]
1162	[-0.9425593614578247, -14.927324295043945]
1163	[-0.6525322794914246, -22.3072509765625]
1164	[-1.7054071426391602, -13.306665420532227]
1165	[1.5410939455032349, -15.083941459655762]
1166	[1.6650080680847168, -19.522724151611328]
1167	[1.1855435371398926, -18.9985408782959]
1168	[-6.617304801940918, -18.700563430786133]
1169	[0.6957582235336304, -26.384687423706055]
1170	[2.893503189086914, -29.409025192260742]
1171	[3.031669855117798, -22.407508850097656]
1172	[-9.593996047973633, -16.886062622070312]
1173	[3.2449069023132324, -20.50412368774414]
1174	[1.6619536876678467, -34.62419128417969]
1175	[15.069441795349121, -36.15709686279297]
1176	[7.365785121917725, -35.32697296142578]
1177	[7.94098424911499, -28.971664428710938]
1178	[1.924307942390442, -23.824047088623047]
1179	[2.689863443374634, -16.355541229248047]
1180	[-3.421553611755371, -42.29753875732422]
1181	[3.0237784385681152, -28.713747024536133]
1182	[-3.9325857162475586, -20.624305725097656]
1183	[4.785644054412842, -21.46014976501465]
1184	[0.3814765214920044, -28.71979522705078]
1185	[4.006319046020508, -60.87489700317383]
1186	[5.766885280609131, -27.57576560974121]
1187	[12.050518035888672, -30.371723175048828]
1188	[3.7451934814453125, -22.070951461791992]
1189	[3.4481101036071777, -20.46759796142578]
1190	[2.2484238147735596, -37.40720748901367]
1191	[13.789392471313477, -44.67046356201172]
1192	[3.430366039276123, -41.589698791503906]
1193	[7.606288909912109, -21.611753463745117]
1194	[-3.6187515258789062, -25.42440414428711]
1195	[6.153698921203613, -37.638404846191406]
1196	[6.4978132247924805, -64.13850402832031]
1197	[5.482600212097168, -27.947471618652344]
1198	[0.5895689129829407, -26.879051208496094]
1199	[-3.583317995071411, -25.925674438476562]
1200	[9.302729606628418, -26.903350830078125]
1201	[12.229540824890137, -34.95268249511719]
1202	[5.440177917480469, -40.53980255126953]
1203	[-1.8268647193908691, -31.038787841796875]
1204	[-5.52000093460083, -32.42186737060547]
1205	[6.265411376953125, -59.3701057434082]
1206	[0.6068007946014404, -30.89228630065918]
1207	[8.122664451599121, -60.84462356567383]
1208	[0.5920282602310181, -35.76873016357422]
1209	[4.98121452331543, -57.968994140625]
1210	[2.214980125427246, -31.593141555786133]
1211	[8.866198539733887, -41.737091064453125]
1212	[0.210005521774292, -28.98697280883789]
1213	[8.835203170776367, -25.235919952392578]
1214	[1.4588289260864258, -21.08289337158203]
1215	[-1.3661710023880005, -29.91264533996582]
1216	[2.0488967895507812, -30.808088302612305]
1217	[7.197674751281738, -30.31549644470215]
1218	[0.1611613631248474, -20.394241333007812]
1219	[-5.223701000213623, -20.922611236572266]
1220	[0.2081080675125122, -35.144081115722656]
1221	[5.553109645843506, -21.419097900390625]
1222	[-0.5248857736587524, -18.078197479248047]
1223	[-2.527618408203125, -27.5322265625]
1224	[4.131477355957031, -25.13420867919922]
1225	[12.94499397277832, -34.98483657836914]
1226	[1.2193171977996826, -24.881912231445312]
1227	[2.0395359992980957, -32.883872985839844]
1228	[-3.479231834411621, -37.62776184082031]
1229	[2.65387225151062, -24.308149337768555]
1230	[5.262312889099121, -16.491130828857422]
1231	[4.924408912658691, -27.217689514160156]
1232	[1.5305086374282837, -18.965492248535156]
1233	[0.3451487421989441, -17.0802001953125]
1234	[-0.5747213363647461, -19.78232765197754]
1235	[-1.8819772005081177, -26.45844268798828]
1236	[3.7093472480773926, -15.236391067504883]
1237	[1.8214638233184814, -12.864089965820312]
1238	[-7.351470947265625, -19.23836326599121]
1239	[4.61307430267334, -27.19601058959961]
1240	[1.6070072650909424, -25.334699630737305]
1241	[5.1019768714904785, -20.77338409423828]
1242	[2.855257511138916, -22.04322052001953]
1243	[2.0915870666503906, -24.794288635253906]
1244	[-0.6512312889099121, -21.716611862182617]
1245	[0.16344571113586426, -18.492473602294922]
1246	[3.7706940174102783, -21.056381225585938]
1247	[3.956117630004883, -22.54739761352539]
1248	[0.5101639628410339, -12.295758247375488]
1249	[1.0734912157058716, -22.288156509399414]
1250	[3.028055191040039, -29.832763671875]
1251	[-5.6912007331848145, -15.8944673538208]
1252	[-1.657309889793396, -33.99912643432617]
1253	[-4.98921012878418, -14.170036315917969]
1254	[-5.920012474060059, -26.98690414428711]
1255	[1.7758628129959106, -29.81087303161621]
1256	[1.0688281059265137, -30.69335174560547]
1257	[-2.1397058963775635, -19.448352813720703]
1258	[0.8597400188446045, -13.816420555114746]
1259	[-0.6242133975028992, -19.291101455688477]
1260	[0.057862043380737305, -28.05207061767578]
1261	[8.707358360290527, -26.72425651550293]
1262	[-0.737604022026062, -22.022544860839844]
1263	[2.9498066902160645, -49.11557388305664]
1264	[-3.484870672225952, -29.28101348876953]
1265	[-5.581247329711914, -17.731319427490234]
1266	[-1.638986349105835, -18.640106201171875]
1267	[-0.5265817642211914, -30.691287994384766]
1268	[9.270674705505371, -36.51436996459961]
1269	[-0.548306941986084, -55.36370086669922]
1270	[16.192028045654297, -46.6849365234375]
1271	[-3.2014479637145996, -34.478878021240234]
1272	[3.7054219245910645, -22.468475341796875]
1273	[0.35073840618133545, -35.208431243896484]
1274	[-10.593009948730469, -20.804244995117188]
1275	[10.392989158630371, -46.32940673828125]
1276	[3.673630952835083, -52.17408752441406]
1277	[20.238330841064453, -50.131080627441406]
1278	[-6.428764820098877, -40.34326171875]
1279	[-7.62623405456543, -17.09256362915039]
1280	[-2.956317663192749, -20.707000732421875]
1281	[9.117386817932129, -56.02313232421875]
1282	[10.247060775756836, -53.429420471191406]
1283	[-6.177666664123535, -45.48954772949219]
1284	[-4.397152900695801, -37.38468551635742]
1285	[-3.6678950786590576, -29.371320724487305]
1286	[-6.683171272277832, -40.10933303833008]
1287	[3.3222529888153076, -19.280553817749023]
1288	[4.4714555740356445, -22.19002914428711]
1289	[3.4223885536193848, -52.0511360168457]
1290	[17.707935333251953, -51.7027702331543]
1291	[-0.11694622039794922, -78.2124252319336]
1292	[-1.4478669166564941, -33.03386688232422]
1293	[-6.698381423950195, -34.60874557495117]
1294	[-5.595812797546387, -29.294418334960938]
1295	[0.5806362628936768, -32.35842514038086]
1296	[0.513886570930481, -18.3968563079834]
1297	[5.328461647033691, -60.79585266113281]
1298	[12.132415771484375, -46.56685256958008]
1299	[-4.694423675537109, -53.92841339111328]
1300	[-4.758435249328613, -29.949716567993164]
1301	[-7.068172931671143, -26.446735382080078]
1302	[15.903268814086914, -56.084720611572266]
1303	[-2.800629138946533, -27.473726272583008]
1304	[6.786405086517334, -21.11397933959961]
1305	[-8.476231575012207, -33.070125579833984]
1306	[-1.171043872833252, -35.00383758544922]
1307	[-3.8031105995178223, -23.491851806640625]
1308	[-5.646609783172607, -27.146377563476562]
1309	[8.567750930786133, -45.7729377746582]
1310	[7.2053937911987305, -63.72708511352539]
1311	[17.242401123046875, -59.76972198486328]
1312	[0.5646836757659912, -34.69815444946289]
1313	[-10.670004844665527, -11.977746963500977]
1314	[-6.131093978881836, -34.159671783447266]
1315	[-5.325167655944824, -25.47041130065918]
1316	[-8.987788200378418, -15.936923027038574]
1317	[1.4276057481765747, -24.555208206176758]
1318	[1.1290109157562256, -23.05790138244629]
1319	[-6.872956275939941, -32.408573150634766]
1320	[2.236830234527588, -60.70391082763672]
1321	[20.115028381347656, -60.13080978393555]
1322	[-2.4145591259002686, -33.9925537109375]
1323	[-5.5309367179870605, -27.102357864379883]
1324	[-7.519941806793213, -31.52588653564453]
1325	[-1.7865877151489258, -16.10387420654297]
1326	[5.142759323120117, -53.16040802001953]
1327	[17.980323791503906, -56.772281646728516]
1328	[2.8124895095825195, -29.72498893737793]
1329	[-4.261056900024414, -23.369613647460938]
1330	[-7.336297988891602, -12.610370635986328]
1331	[-10.756317138671875, -43.69708251953125]
1332	[17.8076171875, -53.5556640625]
1333	[-10.60542106628418, -30.62238311767578]
1334	[-2.8500430583953857, -50.96995544433594]
1335	[-2.9672679901123047, -28.23604393005371]
1336	[7.19281530380249, -30.058805465698242]
1337	[29.008892059326172, -74.3375015258789]
1338	[6.277611255645752, -70.6349868774414]
1339	[0.9187317490577698, -17.873306274414062]
1340	[5.975739479064941, -25.510725021362305]
1341	[4.19194221496582, -25.27322769165039]
1342	[6.919158458709717, -59.846923828125]
1343	[6.484804630279541, -21.5405330657959]
1344	[2.5792675018310547, -16.74525260925293]
1345	[5.096582412719727, -49.56886291503906]
1346	[-10.816182136535645, -22.866466522216797]
1347	[0.9718935489654541, -43.93241500854492]
1348	[-15.507303237915039, -47.553016662597656]
1349	[3.7339229583740234, -64.74830627441406]
1350	[-8.361320495605469, -49.74958038330078]
1351	[1.7701358795166016, -17.573463439941406]
1352	[-0.796360194683075, -17.450918197631836]
1353	[0.9791837334632874, -17.95159912109375]
1354	[-1.1714136600494385, -24.750503540039062]
1355	[2.639521837234497, -44.18692398071289]
1356	[2.287884473800659, -23.484756469726562]
1357	[3.970297336578369, -65.50958251953125]
1358	[5.183211803436279, -15.588653564453125]
1359	[-1.812774896621704, -25.70602798461914]
1360	[3.041689395904541, -27.85735511779785]
1361	[-4.68981409072876, -28.902204513549805]
1362	[-0.30666112899780273, -36.54077911376953]
1363	[0.25988641381263733, -24.211517333984375]
1364	[-2.5499320030212402, -30.196462631225586]
1365	[1.6774932146072388, -24.78094482421875]
1366	[5.049848556518555, -27.26750373840332]
1367	[-0.3432101905345917, -28.893238067626953]
1368	[-8.98223876953125, -49.900508880615234]
1369	[-4.013634204864502, -21.08645248413086]
1370	[1.0893487930297852, -19.517250061035156]
1371	[-3.9168224334716797, -43.250640869140625]
1372	[-1.580680251121521, -47.72313690185547]
1373	[0.06691443920135498, -22.553268432617188]
1374	[-0.13116061687469482, -39.369937896728516]
1375	[0.2075117826461792, -40.58611297607422]
1376	[7.211722373962402, -11.76982593536377]
1377	[5.3518171310424805, -18.93111801147461]
1378	[-4.380611419677734, -40.825504302978516]
1379	[-6.4726080894470215, -22.674776077270508]
1380	[-5.218499183654785, -16.734739303588867]
1381	[7.749362945556641, -54.672855377197266]
1382	[-10.459205627441406, -27.97602653503418]
1383	[5.405705451965332, -35.96516036987305]
1384	[17.017539978027344, -53.43894577026367]
1385	[-4.178071022033691, -20.922697067260742]
1386	[-0.8266996741294861, -21.552270889282227]
1387	[3.456660032272339, -22.670650482177734]
1388	[-8.6123628616333, -62.410186767578125]
1389	[4.38546085357666, -32.95942687988281]
1390	[-1.0648735761642456, -33.163047790527344]
1391	[9.974985122680664, -73.03966522216797]
1392	[-4.128896236419678, -28.57877540588379]
1393	[4.8234028816223145, -40.184993743896484]
1394	[-2.465087890625, -45.540775299072266]
1395	[3.0332465171813965, -25.90294075012207]
1396	[-4.862318992614746, -31.990861892700195]
1397	[2.608504056930542, -27.53668785095215]
1398	[2.256139039993286, -18.9440860748291]
1399	[0.35833537578582764, -38.2645263671875]
1400	[3.943325996398926, -26.170055389404297]
1401	[1.5056288242340088, -27.02080535888672]
1402	[1.0675219297409058, -32.729408264160156]
1403	[-2.24287748336792, -33.191383361816406]
1404	[2.721160411834717, -26.739582061767578]
1405	[0.6428861618041992, -14.525439262390137]
1406	[1.2507741451263428, -30.288898468017578]
1407	[12.84611988067627, -34.12027359008789]
1408	[0.711193323135376, -40.55070114135742]
1409	[1.0784252882003784, -72.19390106201172]
1410	[-1.1904596090316772, -22.0274600982666]
1411	[9.747759819030762, -41.636749267578125]
1412	[-2.2316136360168457, -27.399362564086914]
1413	[-9.85487174987793, -39.6361083984375]
1414	[2.4917399883270264, -12.4069242477417]
1415	[-2.881744384765625, -22.806371688842773]
1416	[2.4737548828125, -16.893510818481445]
1417	[1.0355921983718872, -25.32056427001953]
1418	[1.5521929264068604, -11.075152397155762]
1419	[-0.662578821182251, -19.904369354248047]
1420	[-1.9441286325454712, -37.62891387939453]
1421	[12.540122032165527, -56.11252975463867]
1422	[-0.12939536571502686, -44.28665542602539]
1423	[4.985091209411621, -19.68033218383789]
1424	[-18.522825241088867, -30.424291610717773]
1425	[14.302614212036133, -85.64289855957031]
1426	[3.794278144836426, -23.121376037597656]
1427	[5.551202297210693, -40.95810317993164]
1428	[18.77747917175293, -75.52139282226562]
1429	[1.2494550943374634, -37.71710205078125]
1430	[-0.3989422023296356, -19.82628631591797]
1431	[2.5941717624664307, -30.71630096435547]
1432	[1.9195294380187988, -26.328998565673828]
1433	[28.342138290405273, -88.64018249511719]
1434	[1.929103136062622, -19.897871017456055]
1435	[0.36150696873664856, -32.59593963623047]
1436	[14.922239303588867, -58.98605728149414]
1437	[0.6602137088775635, -21.284215927124023]
1438	[-4.678366661071777, -15.079545974731445]
1439	[20.066808700561523, -60.67359161376953]
1440	[1.4507832527160645, -57.95173645019531]
1441	[-2.9971508979797363, -14.266828536987305]
1442	[1.8050625324249268, -49.72158432006836]
1443	[16.35246467590332, -76.53956604003906]
1444	[-22.45264434814453, -39.77317810058594]
1445	[2.0915589332580566, -18.193592071533203]
1446	[2.60347580909729, -24.04624366760254]
1447	[6.308495044708252, -39.195884704589844]
1448	[0.16155636310577393, -21.344257354736328]
1449	[9.249808311462402, -36.61127853393555]
1450	[4.680323600769043, -17.72804069519043]
1451	[-4.096441745758057, -42.092933654785156]
1452	[4.894145965576172, -25.65436363220215]
1453	[-2.1095526218414307, -37.67818069458008]
1454	[21.216428756713867, -73.05577087402344]
1455	[9.526838302612305, -52.412689208984375]
1456	[-7.224897861480713, -22.32810401916504]
1457	[2.3003907203674316, -27.633249282836914]
1458	[-13.6837739944458, -29.075145721435547]
1459	[-2.568697690963745, -28.149442672729492]
1460	[-11.444147109985352, -39.398780822753906]
1461	[0.23721498250961304, -27.61874771118164]
1462	[3.2260348796844482, -9.453471183776855]
1463	[-0.009831614792346954, -18.023395538330078]
1464	[5.153421401977539, -34.439598083496094]
1465	[-1.1120022535324097, -28.289968490600586]
1466	[-6.397083759307861, -13.492537498474121]
1467	[-11.857487678527832, -19.532806396484375]
1468	[-0.424943208694458, -20.610830307006836]
1469	[0.08575749397277832, -27.52332878112793]
1470	[0.8107762336730957, -14.662850379943848]
1471	[6.59619665145874, -18.07404899597168]
1472	[2.0427651405334473, -13.303524017333984]
1473	[0.3277350664138794, -16.62268829345703]
1474	[-8.79216194152832, -9.775568008422852]
1475	[-1.596330165863037, -21.851524353027344]
1476	[1.2187378406524658, -20.327720642089844]
1477	[3.629373788833618, -20.71927833557129]
1478	[2.7836756706237793, -24.98601531982422]
1479	[-7.093873023986816, -39.93385696411133]
1480	[8.45180892944336, -52.032562255859375]
1481	[-0.9699445962905884, -51.47634506225586]
1482	[-0.5125032663345337, -20.18711280822754]
1483	[-3.371375799179077, -33.853759765625]
1484	[0.6923015117645264, -17.106033325195312]
1485	[4.488883972167969, -43.28166580200195]
1486	[-3.4660749435424805, -46.141807556152344]
1487	[-13.773604393005371, -29.571361541748047]
1488	[-7.612758636474609, -23.488327026367188]
1489	[3.321793556213379, -26.653200149536133]
1490	[0.5564543008804321, -24.20517921447754]
1491	[-1.5793991088867188, -34.507713317871094]
1492	[4.301140785217285, -60.528594970703125]
1493	[-1.8478175401687622, -33.1611213684082]
1494	[-5.765383720397949, -41.43875503540039]
1495	[4.524150371551514, -51.28430938720703]
1496	[-0.8186010718345642, -37.9083366394043]
1497	[1.0151869058609009, -27.957420349121094]
1498	[5.924238681793213, -44.359657287597656]
1499	[0.032724231481552124, -18.964643478393555]
1500	[10.053706169128418, -64.97703552246094]
1501	[1.8969550132751465, -45.285560607910156]
1502	[-4.24827766418457, -51.667877197265625]
1503	[10.803537368774414, -38.83885955810547]
1504	[-3.7191162109375, -33.78109359741211]
1505	[7.373821258544922, -27.60163116455078]
1506	[3.407224416732788, -25.28887367248535]
1507	[4.155876159667969, -21.436594009399414]
1508	[-1.525083303451538, -28.04336929321289]
1509	[3.252634048461914, -28.445587158203125]
1510	[-0.02486288547515869, -26.284679412841797]
1511	[-0.03913143277168274, -31.84164047241211]
1512	[1.3725923299789429, -25.158645629882812]
1513	[6.2170610427856445, -25.474689483642578]
1514	[3.4768080711364746, -27.44902992248535]
1515	[-3.9420828819274902, -43.553321838378906]
1516	[-1.122676134109497, -43.760799407958984]
1517	[-1.9648263454437256, -28.42781639099121]
1518	[0.4827612638473511, -32.31333923339844]
1519	[-13.164265632629395, -24.680679321289062]
1520	[-3.438650608062744, -49.87799072265625]
1521	[0.9829618334770203, -5.324782848358154]
1522	[0.16517680883407593, -9.626275062561035]
1523	[4.678388595581055, -28.404714584350586]
1524	[2.222139358520508, -39.248939514160156]
1525	[5.495051383972168, -25.544090270996094]
1526	[10.78385066986084, -35.11750030517578]
1527	[-0.6628720760345459, -28.6309871673584]
1528	[-0.4754047393798828, -17.78136444091797]
1529	[-0.18645289540290833, -19.33338165283203]
1530	[-4.676350116729736, -63.73374938964844]
1531	[3.6340365409851074, -36.10944366455078]
1532	[-0.3190569579601288, -28.214702606201172]
1533	[6.543227195739746, -28.941377639770508]
1534	[2.3846538066864014, -30.609928131103516]
1535	[7.8758955001831055, -39.24838638305664]
1536	[0.6289610862731934, -20.387733459472656]
1537	[4.745389938354492, -30.447620391845703]
1538	[0.9289067983627319, -12.392326354980469]
1539	[0.7906394600868225, -23.063135147094727]
1540	[-1.079593300819397, -25.16145133972168]
1541	[4.913167476654053, -20.698331832885742]
1542	[-2.3272745609283447, -22.200807571411133]
1543	[0.6458271145820618, -13.689207077026367]
1544	[2.382032632827759, -46.88317108154297]
1545	[-3.942389726638794, -23.75676918029785]
1546	[-3.1729228496551514, -33.164817810058594]
1547	[-1.2931342124938965, -37.04743957519531]
1548	[-2.471554756164551, -21.498762130737305]
1549	[-0.03897246718406677, -26.507360458374023]
1550	[-6.35103702545166, -35.29894256591797]
1551	[-0.262775182723999, -58.060821533203125]
1552	[2.2067320346832275, -18.935630798339844]
1553	[2.4940598011016846, -37.038394927978516]
1554	[-5.286241054534912, -24.630901336669922]
1555	[-4.873804092407227, -44.504966735839844]
1556	[-5.734358787536621, -29.482919692993164]
1557	[6.672785758972168, -24.98634910583496]
1558	[5.797621726989746, -26.291616439819336]
1559	[0.2478044033050537, -41.09336471557617]
1560	[4.919044494628906, -18.46064567565918]
1561	[-8.412813186645508, -44.08467483520508]
1562	[5.384553909301758, -25.128145217895508]
1563	[2.973212718963623, -32.823463439941406]
1564	[3.4218077659606934, -35.98447799682617]
1565	[-1.3626986742019653, -54.47248077392578]
1566	[1.9222235679626465, -35.238956451416016]
1567	[1.442394495010376, -49.571205139160156]
1568	[1.6685911417007446, -24.87598419189453]
1569	[1.5084152221679688, -25.28482437133789]
1570	[-3.5197014808654785, -53.55024337768555]
1571	[3.301741123199463, -25.986881256103516]
1572	[-7.899338245391846, -29.766660690307617]
1573	[7.1300530433654785, -31.761011123657227]
1574	[-2.719597816467285, -19.280729293823242]
1575	[0.08664333820343018, -23.58084487915039]
1576	[1.6996268033981323, -21.38290023803711]
1577	[-0.7270352840423584, -24.976472854614258]
1578	[0.2878815531730652, -24.836780548095703]
1579	[10.675886154174805, -31.359804153442383]
1580	[-5.5167036056518555, -35.520721435546875]
1581	[-2.1563286781311035, -28.856962203979492]
1582	[5.086190223693848, -15.476669311523438]
1583	[9.786595344543457, -18.304561614990234]
1584	[0.9480202198028564, -29.147693634033203]
1585	[10.670403480529785, -30.649368286132812]
1586	[-3.092850685119629, -26.91274642944336]
1587	[-5.026540279388428, -39.833465576171875]
1588	[-2.1073694229125977, -30.535003662109375]
1589	[-6.948504447937012, -47.75704574584961]
1590	[-0.9165530204772949, -21.594402313232422]
1591	[2.1519415378570557, -22.447322845458984]
1592	[8.28622817993164, -30.375720977783203]
1593	[2.415469169616699, -26.229766845703125]
1594	[-4.542197227478027, -32.543060302734375]
1595	[0.22003471851348877, -19.828237533569336]
1596	[-2.13881778717041, -34.156105041503906]
